1 25.0 50.0
2 50.0 50.0
3 50.0 50.0
4 50.0 50.0
5 25.0 0.0
6 0.0 0.0
7 0.0 0.0
8 0.0 0.0
9 0.0 0.0
10 0.0 0.0
11 0.0 0.0
12 0.0 0.0
13 0.0 0.0
14 0.0 0.0
15 0.0 0.0
16 0.0 0.0
17 0.0 0.0
18 0.0 0.0
19 0.0 0.0
20 0.0 0.0
21 0.0 0.0
22 0.0 0.0
23 0.0 0.0
24 0.0 0.0
25 0.0 0.0
26 0.0 0.0
27 0.0 0.0
28 0.0 0.0
29 0.0 0.0
30 0.0 0.0
31 0.0 0.0
32 0.0 0.0
33 0.0 0.0
34 0.0 0.0
35 0.0 0.0
36 0.0 0.0
37 0.0 0.0
38 0.0 0.0
39 0.0 0.0
40 0.0 0.0
41 0.0 0.0
42 0.0 0.0
43 0.0 0.0
44 0.0 0.0
45 0.0 0.0
46 0.0 0.0
47 0.0 0.0
48 0.0 0.0
49 0.0 0.0
50 0.0 0.0
51 0.0 0.0
52 0.0 0.0
53 0.0 0.0
54 0.0 0.0
55 0.0 0.0
56 0.0 0.0
57 0.0 0.0
58 0.0 0.0
59 0.0 0.0
60 0.0 0.0
61 0.0 0.0
62 0.0 0.0
63 0.0 0.0
64 0.0 0.0
65 0.0 0.0
66 0.0 0.0
67 0.0 0.0
68 0.0 0.0
69 0.0 0.0
70 0.0 0.0
71 0.0 0.0
72 0.0 0.0
73 0.0 0.0
74 0.0 0.0
75 0.0 0.0
76 0.0 0.0
77 0.0 0.0
78 0.0 0.0
79 0.0 0.0
80 0.0 0.0
81 0.0 0.0
82 0.0 0.0
83 0.0 0.0
84 0.0 0.0
85 0.0 0.0
86 0.0 0.0
87 0.0 0.0
88 0.0 0.0
89 0.0 0.0
90 0.0 0.0
91 0.0 0.0
92 0.0 0.0
93 0.0 0.0
94 0.0 0.0
95 0.0 0.0
96 0.0 0.0
97 0.0 0.0
98 0.0 0.0
99 0.0 0.0
100 0.0 0.0
101 0.0 0.0
102 0.0 0.0
103 0.0 0.0
104 0.0 0.0
105 0.0 0.0
106 0.0 0.0
107 0.0 0.0
108 0.0 0.0
109 0.0 0.0
110 0.0 0.0
111 0.0 0.0
112 0.0 0.0
113 0.0 0.0
114 0.0 0.0
115 0.0 0.0
116 0.0 0.0
117 0.0 0.0
118 0.0 0.0
119 0.0 0.0
120 0.0 0.0
121 0.0 0.0
122 0.0 0.0
123 0.0 0.0
124 0.0 0.0
125 0.0 0.0
126 0.0 0.0
127 0.0 0.0
128 0.0 0.0
129 0.0 0.0
130 0.0 0.0
131 0.0 0.0
132 0.0 0.0
133 0.0 0.0
134 0.0 0.0
135 0.0 0.0
136 0.0 0.0
137 0.0 0.0
138 0.0 0.0
139 0.0 0.0
140 0.0 0.0
141 0.0 0.0
142 0.0 0.0
143 0.0 0.0
144 0.0 0.0
145 0.0 0.0
146 0.0 0.0
147 0.0 0.0
148 0.0 0.0
149 0.0 0.0
150 0.0 0.0
151 0.0 0.0
152 0.0 0.0
153 0.0 0.0
154 0.0 0.0
155 0.0 0.0
156 0.0 0.0
157 0.0 0.0
158 0.0 0.0
159 0.0 0.0
160 0.0 0.0
161 0.0 0.0
162 0.0 0.0
163 0.0 0.0
164 0.0 0.0
165 0.0 0.0
166 0.0 0.0
167 0.0 0.0
168 0.0 0.0
169 0.0 0.0
170 0.0 0.0
171 0.0 0.0
172 0.0 0.0
173 0.0 0.0
174 0.0 0.0
175 0.0 0.0
176 0.0 0.0
177 0.0 0.0
178 0.0 0.0
179 0.0 0.0
180 0.0 0.0
181 0.0 0.0
182 0.0 0.0
183 0.0 0.0
184 0.0 0.0
185 0.0 0.0
186 0.0 0.0
187 0.0 0.0
188 0.0 0.0
189 0.0 0.0
190 0.0 0.0
191 0.0 0.0
192 0.0 0.0
193 0.0 0.0
194 0.0 0.0
195 0.0 0.0
196 0.0 0.0
197 0.0 0.0
198 0.0 0.0
199 0.0 0.0
200 0.0 0.0
201 0.0 0.0
202 0.0 0.0
203 0.0 0.0
204 0.0 0.0
205 0.0 0.0
206 0.0 0.0
207 0.0 0.0
208 0.0 0.0
209 0.0 0.0
210 0.0 0.0
211 0.0 0.0
212 0.0 0.0
213 0.0 0.0
214 0.0 0.0
215 0.0 0.0
216 0.0 0.0
217 0.0 0.0
218 0.0 0.0
219 0.0 0.0
220 0.0 0.0
221 0.0 0.0
222 0.0 0.0
223 0.0 0.0
224 0.0 0.0
225 0.0 0.0
226 0.0 0.0
227 0.0 0.0
228 0.0 0.0
229 0.0 0.0
230 0.0 0.0
231 0.0 0.0
232 0.0 0.0
233 0.0 0.0
234 0.0 0.0
235 0.0 0.0
236 0.0 0.0
237 0.0 0.0
238 0.0 0.0
239 0.0 0.0
240 0.0 0.0
241 0.0 0.0
242 0.0 0.0
243 0.0 0.0
244 0.0 0.0
245 0.0 0.0
246 0.0 0.0
247 0.0 0.0
248 0.0 0.0
249 0.0 0.0
250 0.0 0.0
251 0.0 0.0
252 0.0 0.0
253 0.0 0.0
254 0.0 0.0
255 0.0 0.0
256 0.0 0.0
257 0.0 0.0
258 0.0 0.0
259 0.0 0.0
260 0.0 0.0
261 0.0 0.0
262 0.0 0.0
263 0.0 0.0
264 0.0 0.0
265 0.0 0.0
266 0.0 0.0
267 0.0 0.0
268 0.0 0.0
269 0.0 0.0
270 0.0 0.0
271 0.0 0.0
272 0.0 0.0
273 0.0 0.0
274 0.0 0.0
275 0.0 0.0
276 0.0 0.0
277 0.0 0.0
278 0.0 0.0
279 0.0 0.0
280 0.0 0.0
281 0.0 0.0
282 0.0 0.0
283 0.0 0.0
284 0.0 0.0
285 0.0 0.0
286 0.0 0.0
287 0.0 0.0
288 0.0 0.0
289 0.0 0.0
290 0.0 0.0
291 0.0 0.0
292 0.0 0.0
293 0.0 0.0
294 0.0 0.0
295 0.0 0.0
296 0.0 0.0
297 0.0 0.0
298 0.0 0.0
299 0.0 0.0
300 0.0 0.0
301 0.0 0.0
302 0.0 0.0
303 0.0 0.0
304 0.0 0.0
305 0.0 0.0
306 0.0 0.0
307 0.0 0.0
308 0.0 0.0
309 0.0 0.0
310 0.0 0.0
311 0.0 0.0
312 0.0 0.0
313 0.0 0.0
314 0.0 0.0
315 0.0 0.0
316 0.0 0.0
317 0.0 0.0
318 0.0 0.0
319 0.0 0.0
320 0.0 0.0
321 0.0 0.0
322 0.0 0.0
323 0.0 0.0
324 0.0 0.0
325 0.0 0.0
326 0.0 0.0
327 0.0 0.0
328 0.0 0.0
329 0.0 0.0
330 0.0 0.0
331 0.0 0.0
332 0.0 0.0
333 0.0 0.0
334 0.0 0.0
335 0.0 0.0
336 0.0 0.0
337 0.0 0.0
338 0.0 0.0
339 0.0 0.0
340 0.0 0.0
341 0.0 0.0
342 0.0 0.0
343 0.0 0.0
344 0.0 0.0
345 0.0 0.0
346 0.0 0.0
347 0.0 0.0
348 0.0 0.0
349 0.0 0.0
350 0.0 0.0
351 0.0 0.0
352 0.0 0.0
353 0.0 0.0
354 0.0 0.0
355 0.0 0.0
356 0.0 0.0
357 0.0 0.0
358 0.0 0.0
359 0.0 0.0
360 0.0 0.0
361 0.0 0.0
362 0.0 0.0
363 0.0 0.0
364 0.0 0.0
365 0.0 0.0
366 0.0 0.0
367 0.0 0.0
368 0.0 0.0
369 0.0 0.0
370 0.0 0.0
371 0.0 0.0
372 0.0 0.0
373 0.0 0.0
374 0.0 0.0
375 0.0 0.0
376 0.0 0.0
377 0.0 0.0
378 0.0 0.0
379 0.0 0.0
380 0.0 0.0
381 0.0 0.0
382 0.0 0.0
383 0.0 0.0
384 0.0 0.0
385 0.0 0.0
386 0.0 0.0
387 0.0 0.0
388 0.0 0.0
389 0.0 0.0
390 0.0 0.0
391 0.0 0.0
392 0.0 0.0
393 0.0 0.0
394 0.0 0.0
395 0.0 0.0
396 0.0 0.0
397 0.0 0.0
398 0.0 0.0
399 0.0 0.0
400 0.0 0.0
401 0.0 0.0
402 0.0 0.0
403 0.0 0.0
404 0.0 0.0
405 0.0 0.0
406 0.0 0.0
407 0.0 0.0
408 0.0 0.0
409 0.0 0.0
410 0.0 0.0
411 0.0 0.0
412 0.0 0.0
413 0.0 0.0
414 0.0 0.0
415 0.0 0.0
416 0.0 0.0
417 0.0 0.0
418 0.0 0.0
419 0.0 0.0
420 0.0 0.0
421 0.0 0.0
422 0.0 0.0
423 0.0 0.0
424 0.0 0.0
425 0.0 0.0
426 0.0 0.0
427 0.0 0.0
428 0.0 0.0
429 0.0 0.0
430 0.0 0.0
431 0.0 0.0
432 0.0 0.0
433 0.0 0.0
434 0.0 0.0
435 0.0 0.0
436 0.0 0.0
437 0.0 0.0
438 0.0 0.0
439 0.0 0.0
440 0.0 0.0
441 0.0 0.0
442 0.0 0.0
443 0.0 0.0
444 0.0 0.0
445 0.0 0.0
446 0.0 0.0
447 0.0 0.0
448 0.0 0.0
449 0.0 0.0
450 0.0 0.0
451 0.0 0.0
452 0.0 0.0
453 0.0 0.0
454 0.0 0.0
455 0.0 0.0
456 0.0 0.0
457 0.0 0.0
458 0.0 0.0
459 0.0 0.0
460 0.0 0.0
461 0.0 0.0
462 0.0 0.0
463 0.0 0.0
464 0.0 0.0
465 0.0 0.0
466 0.0 0.0
467 0.0 0.0
468 0.0 0.0
469 0.0 0.0
470 0.0 0.0
471 0.0 0.0
472 0.0 0.0
473 0.0 0.0
474 0.0 0.0
475 0.0 0.0
476 0.0 0.0
477 0.0 0.0
478 0.0 0.0
479 0.0 0.0
480 0.0 0.0
481 0.0 0.0
482 0.0 0.0
483 0.0 25.0
484 25.0 25.0
485 25.0 25.0
486 25.0 25.0
487 25.0 25.0
488 25.0 25.0
489 25.0 25.0
490 25.0 25.0
491 25.0 25.0
492 25.0 25.0
493 25.0 25.0
494 25.0 25.0
495 25.0 25.0
496 25.0 25.0
497 25.0 25.0
498 25.0 25.0
499 25.0 25.0
500 25.0 25.0
501 25.0 25.0
502 25.0 25.0
503 25.0 25.0
504 25.0 25.0
505 25.0 25.0
506 25.0 25.0
507 25.0 25.0
508 25.0 25.0
509 25.0 25.0
510 25.0 25.0
511 25.0 25.0
512 25.0 25.0
513 25.0 25.0
514 25.0 25.0
515 25.0 25.0
516 25.0 25.0
517 25.0 25.0
518 25.0 25.0
519 25.0 25.0
520 25.0 25.0
521 25.0 25.0
522 25.0 25.0
523 25.0 25.0
524 25.0 25.0
525 25.0 25.0
526 25.0 25.0
527 25.0 25.0
528 25.0 25.0
529 25.0 25.0
530 25.0 25.0
531 25.0 25.0
532 25.0 25.0
533 25.0 25.0
534 25.0 25.0
535 25.0 50.0
536 25.0 50.0
537 25.0 50.0
538 25.0 50.0
539 25.0 50.0
540 50.0 50.0
541 50.0 50.0
542 50.0 50.0
543 50.0 50.0
544 50.0 50.0
545 50.0 50.0
546 50.0 50.0
547 50.0 50.0
548 50.0 50.0
549 50.0 50.0
550 50.0 50.0
551 50.0 50.0
552 50.0 50.0
553 50.0 50.0
554 50.0 50.0
555 50.0 75.0
556 50.0 75.0
557 50.0 75.0
558 75.0 75.0
559 75.0 75.0
560 75.0 75.0
561 75.0 75.0
562 75.0 75.0
563 75.0 75.0
564 75.0 75.0
565 75.0 75.0
566 75.0 75.0
567 75.0 75.0
568 75.0 75.0
569 75.0 75.0
570 75.0 75.0
571 75.0 75.0
572 75.0 75.0
573 75.0 75.0
574 75.0 75.0
575 75.0 75.0
576 75.0 75.0
577 75.0 75.0
578 75.0 75.0
579 75.0 75.0
580 75.0 75.0
581 75.0 75.0
582 75.0 75.0
583 75.0 75.0
584 75.0 75.0
585 75.0 75.0
586 75.0 75.0
587 75.0 75.0
588 75.0 75.0
589 75.0 75.0
590 75.0 75.0
591 75.0 75.0
592 75.0 75.0
593 75.0 75.0
594 75.0 75.0
595 75.0 75.0
596 75.0 75.0
597 75.0 75.0
598 75.0 75.0
599 75.0 75.0
600 75.0 75.0
601 75.0 75.0
602 75.0 75.0
603 75.0 75.0
604 75.0 75.0
605 75.0 75.0
606 75.0 75.0
607 75.0 75.0
608 75.0 75.0
609 75.0 75.0
610 75.0 75.0
611 75.0 75.0
612 75.0 75.0
613 75.0 75.0
614 75.0 75.0
615 75.0 75.0
616 75.0 75.0
617 75.0 75.0
618 75.0 75.0
619 75.0 75.0
620 75.0 75.0
621 75.0 75.0
622 75.0 75.0
623 75.0 75.0
624 75.0 75.0
625 75.0 75.0
626 75.0 75.0
627 75.0 75.0
628 75.0 75.0
629 75.0 75.0
630 75.0 75.0
631 75.0 75.0
632 75.0 75.0
633 75.0 75.0
634 75.0 75.0
635 75.0 75.0
636 75.0 75.0
637 75.0 75.0
638 75.0 75.0
639 75.0 75.0
640 75.0 75.0
641 75.0 75.0
642 75.0 75.0
643 75.0 75.0
644 75.0 75.0
645 75.0 75.0
646 75.0 75.0
647 75.0 75.0
648 75.0 75.0
649 75.0 75.0
650 75.0 75.0
651 75.0 75.0
652 75.0 75.0
653 75.0 75.0
654 75.0 75.0
655 75.0 100.0
656 75.0 100.0
657 75.0 100.0
658 100.0 100.0
659 100.0 100.0
660 100.0 100.0
661 100.0 100.0
662 100.0 100.0
663 100.0 100.0
664 100.0 100.0
665 100.0 100.0
666 100.0 100.0
667 100.0 100.0
668 100.0 100.0
669 100.0 100.0
670 100.0 100.0
671 100.0 100.0
672 100.0 100.0
673 100.0 100.0
674 100.0 100.0
675 100.0 100.0
676 100.0 100.0
677 100.0 100.0
678 100.0 100.0
679 100.0 100.0
680 100.0 100.0
681 100.0 100.0
682 100.0 100.0
683 100.0 100.0
684 100.0 100.0
685 100.0 100.0
686 100.0 100.0
687 100.0 100.0
688 100.0 100.0
689 100.0 100.0
690 100.0 100.0
691 100.0 100.0
692 100.0 100.0
693 100.0 100.0
694 100.0 100.0
695 100.0 100.0
696 100.0 100.0
697 100.0 100.0
698 100.0 100.0
699 100.0 100.0
700 100.0 100.0
701 100.0 100.0
702 100.0 100.0
703 100.0 100.0
704 100.0 100.0
705 100.0 100.0
706 100.0 100.0
707 100.0 100.0
708 100.0 100.0
709 100.0 100.0
710 100.0 100.0
711 100.0 100.0
712 100.0 100.0
713 100.0 100.0
714 100.0 100.0
715 100.0 100.0
716 100.0 100.0
717 100.0 100.0
718 100.0 100.0
719 100.0 100.0
720 100.0 100.0
721 100.0 100.0
722 100.0 100.0
723 100.0 100.0
724 100.0 100.0
725 100.0 100.0
726 100.0 100.0
727 100.0 100.0
728 100.0 100.0
729 100.0 100.0
730 100.0 100.0
731 100.0 100.0
732 100.0 100.0
733 100.0 100.0
734 100.0 100.0
735 100.0 100.0
736 100.0 100.0
737 100.0 100.0
738 100.0 100.0
739 100.0 100.0
740 100.0 100.0
741 100.0 100.0
742 100.0 100.0
743 100.0 100.0
744 100.0 100.0
745 100.0 100.0
746 100.0 100.0
747 100.0 100.0
748 100.0 100.0
749 100.0 100.0
750 100.0 100.0
751 100.0 100.0
752 100.0 100.0
753 100.0 100.0
754 100.0 100.0
755 100.0 100.0
756 100.0 100.0
757 100.0 100.0
758 100.0 100.0
759 100.0 100.0
760 100.0 100.0
761 100.0 100.0
762 100.0 100.0
763 100.0 100.0
764 100.0 100.0
765 100.0 100.0
766 100.0 100.0
767 100.0 100.0
768 100.0 100.0
769 100.0 100.0
770 100.0 100.0
771 100.0 100.0
772 100.0 100.0
773 100.0 100.0
774 100.0 100.0
775 100.0 100.0
776 100.0 100.0
777 100.0 100.0
778 100.0 100.0
779 100.0 100.0
780 100.0 100.0
781 100.0 100.0
782 100.0 100.0
783 100.0 100.0
784 100.0 100.0
785 100.0 100.0
786 100.0 100.0
787 100.0 100.0
788 100.0 100.0
789 100.0 100.0
790 100.0 100.0
791 100.0 100.0
792 100.0 100.0
793 100.0 100.0
794 100.0 100.0
795 100.0 100.0
796 100.0 100.0
797 100.0 100.0
798 100.0 100.0
799 100.0 100.0
800 100.0 100.0
801 100.0 100.0
802 100.0 100.0
803 100.0 100.0
804 100.0 100.0
805 100.0 100.0
806 100.0 100.0
807 100.0 100.0
808 100.0 100.0
809 100.0 100.0
810 100.0 100.0
811 100.0 100.0
812 100.0 100.0
813 100.0 100.0
814 100.0 100.0
815 100.0 100.0
816 100.0 100.0
817 100.0 100.0
818 100.0 100.0
819 100.0 100.0
820 100.0 100.0
821 100.0 100.0
822 100.0 100.0
823 100.0 100.0
824 100.0 100.0
825 100.0 100.0
826 100.0 100.0
827 100.0 100.0
828 100.0 100.0
829 100.0 100.0
830 100.0 100.0
831 100.0 100.0
832 100.0 100.0
833 100.0 100.0
834 100.0 100.0
835 100.0 100.0
836 100.0 100.0
837 100.0 100.0
838 100.0 100.0
839 100.0 100.0
840 100.0 100.0
841 100.0 100.0
842 100.0 100.0
843 100.0 100.0
844 100.0 100.0
845 100.0 100.0
846 100.0 100.0
847 100.0 100.0
848 100.0 100.0
849 100.0 100.0
850 100.0 100.0
851 100.0 100.0
852 100.0 100.0
853 100.0 100.0
854 100.0 100.0
855 100.0 100.0
856 100.0 100.0
857 100.0 100.0
858 100.0 100.0
859 100.0 100.0
860 100.0 100.0
861 100.0 100.0
862 100.0 100.0
863 100.0 100.0
864 100.0 100.0
865 100.0 100.0
866 100.0 100.0
867 100.0 100.0
868 100.0 100.0
869 100.0 100.0
870 100.0 100.0
871 100.0 100.0
872 100.0 100.0
873 100.0 100.0
874 100.0 100.0
875 100.0 100.0
876 100.0 100.0
877 100.0 100.0
878 100.0 100.0
879 100.0 100.0
880 100.0 100.0
881 100.0 100.0
882 100.0 100.0
883 100.0 100.0
884 100.0 100.0
885 100.0 100.0
886 100.0 100.0
887 100.0 100.0
888 100.0 100.0
889 100.0 100.0
890 100.0 100.0
891 100.0 100.0
892 100.0 100.0
893 100.0 100.0
894 100.0 100.0
895 100.0 100.0
896 100.0 100.0
897 100.0 100.0
898 100.0 100.0
899 100.0 100.0
900 100.0 100.0
901 100.0 100.0
902 100.0 100.0
903 100.0 100.0
904 100.0 100.0
905 100.0 100.0
906 100.0 100.0
907 100.0 100.0
908 100.0 100.0
909 100.0 100.0
910 100.0 100.0
911 100.0 100.0
912 100.0 100.0
913 100.0 100.0
914 100.0 100.0
915 100.0 100.0
916 100.0 100.0
917 100.0 100.0
918 100.0 100.0
919 100.0 100.0
920 100.0 100.0
921 100.0 100.0
922 100.0 100.0
923 100.0 100.0
924 100.0 100.0
925 100.0 100.0
926 100.0 100.0
927 100.0 100.0
928 100.0 100.0
929 100.0 100.0
930 100.0 100.0
931 100.0 100.0
932 100.0 100.0
933 100.0 100.0
934 100.0 100.0
935 100.0 100.0
936 100.0 100.0
937 100.0 100.0
938 100.0 100.0
939 100.0 100.0
940 100.0 100.0
941 100.0 100.0
942 100.0 100.0
943 100.0 100.0
944 100.0 100.0
945 100.0 100.0
946 100.0 100.0
947 100.0 100.0
948 100.0 100.0
949 100.0 100.0
950 100.0 100.0
951 100.0 100.0
952 100.0 100.0
953 100.0 100.0
954 100.0 100.0
955 100.0 100.0
956 100.0 100.0
957 100.0 100.0
958 100.0 100.0
959 100.0 100.0
960 100.0 100.0
961 100.0 100.0
962 100.0 100.0
963 100.0 100.0
964 100.0 100.0
965 100.0 100.0
966 100.0 100.0
967 100.0 100.0
968 100.0 100.0
969 100.0 100.0
970 100.0 100.0
971 100.0 100.0
972 100.0 100.0
973 100.0 100.0
974 100.0 100.0
975 100.0 100.0
976 100.0 100.0
977 100.0 100.0
978 100.0 100.0
979 100.0 100.0
980 100.0 100.0
981 100.0 100.0
982 100.0 100.0
983 100.0 100.0
984 100.0 100.0
985 100.0 100.0
986 100.0 100.0
987 100.0 100.0
988 100.0 100.0
989 100.0 100.0
990 100.0 100.0
991 100.0 100.0
992 100.0 100.0
993 100.0 100.0
994 100.0 100.0
995 100.0 100.0
996 100.0 100.0
997 100.0 100.0
998 100.0 100.0
999 100.0 100.0
1000 100.0 100.0
1001 100.0 100.0
1002 100.0 100.0
1003 100.0 100.0
1004 100.0 100.0
1005 100.0 100.0
1006 100.0 100.0
1007 100.0 100.0
1008 100.0 100.0
1009 100.0 100.0
1010 100.0 100.0
1011 100.0 100.0
1012 100.0 100.0
1013 100.0 100.0
1014 100.0 100.0
1015 100.0 100.0
1016 100.0 100.0
1017 100.0 100.0
1018 100.0 100.0
1019 100.0 100.0
1020 100.0 100.0
1021 100.0 100.0
1022 100.0 100.0
1023 100.0 100.0
1024 100.0 100.0
1025 100.0 100.0
1026 100.0 100.0
1027 100.0 100.0
1028 100.0 100.0
1029 100.0 100.0
1030 100.0 100.0
1031 100.0 100.0
1032 100.0 100.0
1033 100.0 100.0
1034 100.0 100.0
1035 100.0 100.0
1036 100.0 100.0
1037 100.0 100.0
1038 100.0 100.0
1039 100.0 100.0
1040 100.0 100.0
1041 100.0 100.0
1042 100.0 100.0
1043 100.0 100.0
1044 100.0 100.0
1045 100.0 100.0
1046 100.0 100.0
1047 100.0 100.0
1048 100.0 100.0
1049 100.0 100.0
1050 100.0 100.0
1051 100.0 100.0
1052 100.0 100.0
1053 100.0 100.0
1054 100.0 100.0
1055 100.0 100.0
1056 100.0 100.0
1057 100.0 100.0
1058 100.0 100.0
1059 100.0 100.0
1060 100.0 100.0
1061 100.0 100.0
1062 100.0 100.0
1063 100.0 100.0
1064 100.0 100.0
1065 100.0 100.0
1066 100.0 100.0
1067 100.0 100.0
1068 100.0 100.0
1069 100.0 100.0
1070 100.0 100.0
1071 100.0 100.0
1072 100.0 100.0
1073 100.0 100.0
1074 100.0 100.0
1075 100.0 100.0
1076 100.0 100.0
1077 100.0 100.0
1078 100.0 100.0
1079 100.0 100.0
1080 100.0 100.0
1081 100.0 100.0
1082 100.0 100.0
1083 100.0 100.0
1084 100.0 100.0
1085 100.0 100.0
1086 100.0 100.0
1087 100.0 100.0
1088 100.0 100.0
1089 100.0 100.0
1090 100.0 100.0
1091 100.0 100.0
1092 100.0 100.0
1093 100.0 100.0
1094 100.0 100.0
1095 100.0 100.0
1096 100.0 100.0
1097 100.0 100.0
1098 100.0 100.0
1099 100.0 100.0
1100 100.0 100.0
1101 100.0 100.0
1102 100.0 100.0
1103 100.0 100.0
1104 100.0 100.0
1105 100.0 100.0
1106 100.0 100.0
1107 100.0 100.0
1108 100.0 100.0
1109 100.0 100.0
1110 100.0 100.0
1111 100.0 100.0
1112 100.0 100.0
1113 100.0 100.0
1114 100.0 100.0
1115 100.0 100.0
1116 100.0 100.0
1117 100.0 100.0
1118 100.0 100.0
1119 100.0 100.0
1120 100.0 100.0
1121 100.0 100.0
1122 100.0 100.0
1123 100.0 100.0
1124 100.0 100.0
1125 100.0 100.0
1126 100.0 100.0
1127 100.0 100.0
1128 100.0 100.0
1129 100.0 100.0
1130 100.0 100.0
1131 100.0 100.0
1132 100.0 100.0
1133 100.0 100.0
1134 100.0 100.0
1135 100.0 100.0
1136 100.0 100.0
1137 100.0 100.0
1138 100.0 100.0
1139 100.0 100.0
1140 100.0 100.0
1141 100.0 100.0
1142 100.0 100.0
1143 100.0 100.0
1144 100.0 100.0
1145 100.0 100.0
1146 100.0 100.0
1147 100.0 100.0
1148 100.0 100.0
1149 100.0 100.0
1150 100.0 100.0
1151 100.0 100.0
1152 100.0 100.0
1153 100.0 100.0
1154 100.0 100.0
1155 100.0 100.0
1156 100.0 100.0
1157 100.0 100.0
1158 100.0 100.0
1159 100.0 100.0
1160 100.0 100.0
1161 100.0 100.0
1162 100.0 100.0
1163 100.0 100.0
1164 100.0 100.0
1165 100.0 100.0
1166 100.0 100.0
1167 100.0 100.0
1168 100.0 100.0
1169 100.0 100.0
1170 100.0 100.0
1171 100.0 100.0
1172 100.0 100.0
1173 100.0 100.0
1174 100.0 100.0
1175 100.0 100.0
1176 100.0 100.0
1177 100.0 100.0
1178 100.0 100.0
1179 100.0 100.0
1180 100.0 100.0
1181 100.0 100.0
1182 100.0 100.0
1183 100.0 100.0
1184 100.0 100.0
1185 100.0 100.0
1186 100.0 100.0
1187 100.0 100.0
1188 100.0 100.0
1189 100.0 100.0
1190 100.0 100.0
1191 100.0 100.0
1192 100.0 100.0
1193 100.0 100.0
1194 100.0 100.0
1195 100.0 100.0
1196 100.0 100.0
1197 100.0 100.0
1198 100.0 100.0
1199 100.0 100.0
1200 100.0 100.0
1201 100.0 100.0
1202 100.0 100.0
1203 100.0 100.0
1204 100.0 100.0
1205 100.0 100.0
1206 100.0 100.0
1207 100.0 100.0
1208 100.0 100.0
1209 100.0 100.0
1210 100.0 100.0
1211 100.0 100.0
1212 100.0 100.0
1213 100.0 100.0
1214 100.0 100.0
1215 100.0 100.0
1216 100.0 100.0
1217 100.0 100.0
1218 100.0 100.0
1219 100.0 100.0
1220 100.0 100.0
1221 100.0 100.0
1222 100.0 100.0
1223 100.0 100.0
1224 100.0 100.0
1225 100.0 100.0
1226 100.0 100.0
1227 100.0 100.0
1228 100.0 100.0
1229 100.0 100.0
1230 100.0 100.0
1231 100.0 100.0
1232 100.0 100.0
1233 100.0 100.0
1234 100.0 100.0
1235 100.0 100.0
1236 100.0 100.0
1237 100.0 100.0
1238 100.0 100.0
1239 100.0 100.0
1240 100.0 100.0
1241 100.0 100.0
1242 100.0 100.0
1243 100.0 100.0
1244 100.0 100.0
1245 100.0 100.0
1246 100.0 100.0
1247 100.0 100.0
1248 100.0 100.0
1249 100.0 100.0
1250 100.0 100.0
1251 100.0 100.0
1252 100.0 100.0
1253 100.0 100.0
1254 100.0 100.0
1255 100.0 100.0
1256 100.0 100.0
1257 100.0 100.0
1258 100.0 100.0
1259 100.0 100.0
1260 100.0 100.0
1261 100.0 100.0
1262 100.0 100.0
1263 100.0 100.0
1264 100.0 100.0
1265 100.0 100.0
1266 100.0 100.0
1267 100.0 100.0
1268 100.0 100.0
1269 100.0 100.0
1270 100.0 100.0
1271 100.0 100.0
1272 100.0 100.0
1273 100.0 100.0
1274 100.0 100.0
1275 100.0 100.0
1276 100.0 100.0
1277 100.0 100.0
1278 100.0 100.0
1279 100.0 100.0
1280 100.0 100.0
1281 100.0 100.0
1282 100.0 100.0
1283 100.0 100.0
1284 100.0 100.0
1285 100.0 100.0
1286 100.0 100.0
1287 100.0 100.0
1288 100.0 100.0
1289 100.0 100.0
1290 100.0 100.0
1291 100.0 100.0
1292 100.0 100.0
1293 100.0 100.0
1294 100.0 100.0
1295 100.0 100.0
1296 100.0 100.0
1297 100.0 100.0
1298 100.0 100.0
1299 100.0 100.0
1300 100.0 100.0
1301 100.0 100.0
1302 100.0 100.0
1303 100.0 100.0
1304 100.0 100.0
1305 100.0 100.0
1306 100.0 100.0
1307 100.0 100.0
1308 100.0 100.0
1309 100.0 100.0
1310 100.0 100.0
1311 100.0 100.0
1312 100.0 100.0
1313 100.0 100.0
1314 100.0 100.0
1315 100.0 100.0
1316 100.0 100.0
1317 100.0 100.0
1318 100.0 100.0
1319 100.0 100.0
1320 100.0 100.0
1321 100.0 100.0
1322 100.0 100.0
1323 100.0 100.0
1324 100.0 100.0
1325 100.0 100.0
1326 100.0 100.0
1327 100.0 100.0
1328 100.0 100.0
1329 100.0 100.0
1330 100.0 100.0
1331 100.0 100.0
1332 100.0 100.0
1333 100.0 100.0
1334 100.0 100.0
1335 100.0 100.0
1336 100.0 100.0
1337 100.0 100.0
1338 100.0 100.0
1339 100.0 100.0
1340 100.0 100.0
1341 100.0 100.0
1342 100.0 100.0
1343 100.0 100.0
1344 100.0 100.0
1345 100.0 100.0
1346 100.0 100.0
1347 100.0 100.0
1348 100.0 100.0
1349 100.0 100.0
1350 100.0 100.0
1351 100.0 100.0
1352 100.0 100.0
1353 100.0 100.0
1354 100.0 100.0
1355 100.0 100.0
1356 100.0 100.0
1357 100.0 100.0
1358 100.0 100.0
1359 100.0 100.0
1360 100.0 100.0
1361 100.0 100.0
1362 100.0 100.0
1363 100.0 100.0
1364 100.0 100.0
1365 100.0 100.0
1366 100.0 100.0
1367 100.0 100.0
1368 100.0 100.0
1369 100.0 100.0
1370 100.0 100.0
1371 100.0 100.0
1372 100.0 100.0
1373 100.0 100.0
1374 100.0 100.0
1375 100.0 100.0
1376 100.0 100.0
1377 100.0 100.0
1378 100.0 100.0
1379 100.0 100.0
1380 100.0 100.0
1381 100.0 100.0
1382 100.0 100.0
1383 100.0 100.0
1384 100.0 100.0
1385 100.0 100.0
1386 100.0 100.0
1387 100.0 100.0
1388 100.0 100.0
1389 100.0 100.0
1390 100.0 100.0
1391 100.0 100.0
1392 100.0 100.0
1393 100.0 100.0
1394 100.0 100.0
1395 100.0 100.0
1396 100.0 100.0
1397 100.0 100.0
1398 100.0 100.0
1399 100.0 100.0
1400 100.0 100.0
1401 100.0 100.0
1402 100.0 100.0
1403 100.0 100.0
1404 100.0 100.0
1405 100.0 100.0
1406 100.0 100.0
1407 100.0 100.0
1408 100.0 100.0
1409 100.0 100.0
1410 100.0 100.0
1411 100.0 100.0
1412 100.0 100.0
1413 100.0 100.0
1414 100.0 100.0
1415 100.0 100.0
1416 100.0 100.0
1417 100.0 100.0
1418 100.0 100.0
1419 100.0 100.0
1420 100.0 100.0
1421 100.0 100.0
1422 100.0 100.0
1423 100.0 100.0
1424 100.0 100.0
1425 100.0 100.0
1426 100.0 100.0
1427 100.0 100.0
1428 100.0 100.0
1429 100.0 100.0
1430 100.0 100.0
1431 100.0 100.0
1432 100.0 100.0
1433 100.0 100.0
1434 100.0 100.0
1435 100.0 100.0
1436 100.0 100.0
1437 100.0 100.0
1438 100.0 100.0
1439 100.0 100.0
1440 100.0 100.0
1441 100.0 100.0
1442 100.0 100.0
1443 100.0 100.0
1444 100.0 100.0
1445 100.0 100.0
1446 100.0 100.0
1447 100.0 100.0
1448 100.0 100.0
1449 100.0 100.0
1450 100.0 100.0
1451 100.0 100.0
1452 100.0 100.0
1453 100.0 100.0
1454 100.0 100.0
1455 100.0 100.0
1456 100.0 100.0
1457 100.0 100.0
1458 100.0 100.0
1459 100.0 100.0
1460 100.0 100.0
1461 100.0 100.0
1462 100.0 100.0
1463 100.0 100.0
1464 100.0 100.0
1465 100.0 100.0
1466 100.0 100.0
1467 100.0 100.0
1468 100.0 100.0
1469 100.0 100.0
1470 100.0 100.0
1471 100.0 100.0
1472 100.0 100.0
1473 100.0 100.0
1474 100.0 100.0
1475 100.0 100.0
1476 100.0 100.0
1477 100.0 100.0
1478 100.0 100.0
1479 100.0 100.0
1480 100.0 100.0
1481 100.0 100.0
1482 100.0 100.0
1483 100.0 100.0
1484 100.0 100.0
1485 100.0 100.0
1486 100.0 100.0
1487 100.0 100.0
1488 100.0 100.0
1489 100.0 100.0
1490 100.0 100.0
1491 100.0 100.0
1492 100.0 100.0
1493 100.0 100.0
1494 100.0 100.0
1495 100.0 100.0
1496 100.0 100.0
1497 100.0 100.0
1498 100.0 100.0
1499 100.0 100.0
1500 100.0 100.0
1501 100.0 100.0
1502 100.0 100.0
1503 100.0 100.0
1504 100.0 100.0
1505 100.0 100.0
1506 100.0 100.0
1507 100.0 100.0
1508 100.0 100.0
1509 100.0 100.0
1510 100.0 100.0
1511 100.0 100.0
1512 100.0 100.0
1513 100.0 100.0
1514 100.0 100.0
1515 100.0 100.0
1516 100.0 100.0
1517 100.0 100.0
1518 100.0 100.0
1519 100.0 100.0
1520 100.0 100.0
1521 100.0 100.0
1522 100.0 100.0
1523 100.0 100.0
1524 100.0 100.0
1525 100.0 100.0
1526 100.0 100.0
1527 100.0 100.0
1528 100.0 100.0
1529 100.0 100.0
1530 100.0 100.0
1531 100.0 100.0
1532 100.0 100.0
1533 100.0 100.0
1534 100.0 100.0
1535 100.0 100.0
1536 100.0 100.0
1537 100.0 100.0
1538 100.0 100.0
1539 100.0 100.0
1540 100.0 100.0
1541 100.0 100.0
1542 100.0 100.0
1543 100.0 100.0
1544 100.0 100.0
1545 100.0 100.0
1546 100.0 100.0
1547 100.0 100.0
1548 100.0 100.0
1549 100.0 100.0
1550 100.0 100.0
1551 100.0 100.0
1552 100.0 100.0
1553 100.0 100.0
1554 100.0 100.0
1555 100.0 100.0
1556 100.0 100.0
1557 100.0 100.0
1558 100.0 100.0
1559 100.0 100.0
1560 100.0 100.0
1561 100.0 100.0
1562 100.0 100.0
1563 100.0 100.0
1564 100.0 100.0
1565 100.0 100.0
1566 100.0 100.0
1567 100.0 100.0
1568 100.0 100.0
1569 100.0 100.0
1570 100.0 100.0
1571 100.0 100.0
1572 100.0 100.0
1573 100.0 100.0
1574 100.0 100.0
1575 100.0 100.0
1576 100.0 100.0
1577 100.0 100.0
1578 100.0 100.0
1579 100.0 100.0
1580 100.0 100.0
1581 100.0 100.0
1582 100.0 100.0
1583 100.0 100.0
1584 100.0 100.0
1585 100.0 100.0
1586 100.0 100.0
1587 100.0 100.0
1588 100.0 100.0
1589 100.0 100.0
1590 100.0 100.0
1591 100.0 100.0
1592 100.0 100.0
1593 100.0 100.0
1594 100.0 100.0
1595 100.0 100.0
1596 100.0 100.0
1597 100.0 100.0
1598 100.0 100.0
1599 100.0 100.0
1600 100.0 100.0
1601 100.0 100.0
1602 100.0 100.0
1603 100.0 100.0
1604 100.0 100.0
1605 100.0 100.0
1606 100.0 100.0
1607 100.0 100.0
1608 100.0 100.0
1609 100.0 100.0
1610 100.0 100.0
1611 100.0 100.0
1612 100.0 100.0
1613 100.0 100.0
1614 100.0 100.0
1615 100.0 100.0
1616 100.0 100.0
1617 100.0 100.0
1618 100.0 100.0
1619 100.0 100.0
1620 100.0 100.0
1621 100.0 100.0
1622 100.0 100.0
1623 100.0 100.0
1624 100.0 100.0
1625 100.0 100.0
1626 100.0 100.0
1627 100.0 100.0
1628 100.0 100.0
1629 100.0 100.0
1630 100.0 100.0
1631 100.0 100.0
1632 100.0 100.0
1633 100.0 100.0
1634 100.0 100.0
1635 100.0 100.0
1636 100.0 100.0
1637 100.0 100.0
1638 100.0 100.0
1639 100.0 100.0
1640 100.0 100.0
1641 100.0 100.0
1642 100.0 100.0
1643 100.0 100.0
1644 100.0 100.0
1645 100.0 100.0
1646 100.0 100.0
1647 100.0 100.0
1648 100.0 100.0
1649 100.0 100.0
1650 100.0 100.0
1651 100.0 100.0
1652 100.0 100.0
1653 100.0 100.0
1654 100.0 100.0
1655 100.0 100.0
1656 100.0 100.0
1657 100.0 100.0
1658 100.0 100.0
1659 100.0 100.0
1660 100.0 100.0
1661 100.0 100.0
1662 100.0 100.0
1663 100.0 100.0
1664 100.0 100.0
1665 100.0 100.0
1666 100.0 100.0
1667 100.0 100.0
1668 100.0 100.0
1669 100.0 100.0
1670 100.0 100.0
1671 100.0 100.0
1672 100.0 100.0
1673 100.0 100.0
1674 100.0 100.0
1675 100.0 100.0
1676 100.0 100.0
1677 100.0 100.0
1678 100.0 100.0
1679 100.0 100.0
1680 100.0 100.0
1681 100.0 100.0
1682 100.0 100.0
1683 100.0 100.0
1684 100.0 100.0
1685 100.0 100.0
1686 100.0 100.0
1687 100.0 100.0
1688 100.0 100.0
1689 100.0 100.0
1690 100.0 100.0
1691 100.0 100.0
1692 100.0 100.0
1693 100.0 100.0
1694 100.0 100.0
1695 100.0 100.0
1696 100.0 100.0
1697 100.0 100.0
1698 100.0 100.0
1699 100.0 100.0
1700 100.0 100.0
1701 100.0 100.0
1702 100.0 100.0
1703 100.0 100.0
1704 100.0 100.0
1705 100.0 100.0
1706 100.0 100.0
1707 100.0 100.0
1708 100.0 100.0
1709 100.0 100.0
1710 100.0 100.0
1711 100.0 100.0
1712 100.0 100.0
1713 100.0 100.0
1714 100.0 100.0
1715 100.0 100.0
1716 100.0 100.0
1717 100.0 100.0
1718 100.0 100.0
1719 100.0 100.0
1720 100.0 100.0
1721 100.0 100.0
1722 100.0 100.0
1723 100.0 100.0
1724 100.0 100.0
1725 100.0 100.0
1726 100.0 100.0
1727 100.0 100.0
1728 100.0 100.0
1729 100.0 100.0
1730 100.0 100.0
1731 100.0 100.0
1732 100.0 100.0
1733 100.0 100.0
1734 100.0 100.0
1735 100.0 100.0
1736 100.0 100.0
1737 100.0 100.0
1738 100.0 100.0
1739 100.0 100.0
1740 100.0 100.0
1741 100.0 100.0
1742 100.0 100.0
1743 100.0 100.0
1744 100.0 100.0
1745 100.0 100.0
1746 100.0 100.0
1747 100.0 100.0
1748 100.0 100.0
1749 100.0 100.0
1750 100.0 100.0
1751 100.0 100.0
1752 100.0 100.0
1753 100.0 100.0
1754 100.0 100.0
1755 100.0 100.0
1756 100.0 100.0
1757 100.0 100.0
1758 100.0 100.0
1759 100.0 100.0
1760 100.0 100.0
1761 100.0 100.0
1762 100.0 100.0
1763 100.0 100.0
1764 100.0 100.0
1765 100.0 100.0
1766 100.0 100.0
1767 100.0 100.0
1768 100.0 100.0
1769 100.0 100.0
1770 100.0 100.0
1771 100.0 100.0
1772 100.0 100.0
1773 100.0 100.0
1774 100.0 100.0
1775 100.0 100.0
1776 100.0 100.0
1777 100.0 100.0
1778 100.0 100.0
1779 100.0 100.0
1780 100.0 100.0
1781 100.0 100.0
1782 100.0 100.0
1783 100.0 100.0
1784 100.0 100.0
1785 100.0 100.0
1786 100.0 100.0
1787 100.0 100.0
1788 100.0 100.0
1789 100.0 100.0
1790 100.0 100.0
1791 100.0 100.0
1792 100.0 100.0
1793 100.0 100.0
1794 100.0 100.0
1795 100.0 100.0
1796 100.0 100.0
1797 100.0 100.0
1798 100.0 100.0
1799 100.0 100.0
1800 100.0 100.0
1801 100.0 100.0
1802 100.0 100.0
1803 100.0 100.0
1804 100.0 100.0
1805 100.0 100.0
1806 100.0 100.0
1807 100.0 100.0
1808 100.0 100.0
1809 100.0 100.0
1810 100.0 100.0
1811 100.0 100.0
1812 100.0 100.0
1813 100.0 100.0
1814 100.0 100.0
1815 100.0 100.0
1816 100.0 100.0
1817 100.0 100.0
1818 100.0 100.0
1819 100.0 100.0
1820 100.0 100.0
1821 100.0 100.0
1822 100.0 100.0
1823 100.0 100.0
1824 100.0 100.0
1825 100.0 100.0
1826 100.0 100.0
1827 100.0 100.0
1828 100.0 100.0
1829 100.0 100.0
1830 100.0 100.0
1831 100.0 100.0
1832 100.0 100.0
1833 100.0 100.0
1834 100.0 100.0
1835 100.0 100.0
1836 100.0 100.0
1837 100.0 100.0
1838 100.0 100.0
1839 100.0 100.0
1840 100.0 100.0
1841 100.0 100.0
1842 100.0 100.0
1843 100.0 100.0
1844 100.0 100.0
1845 100.0 100.0
1846 100.0 100.0
1847 100.0 100.0
1848 100.0 100.0
1849 100.0 100.0
1850 100.0 100.0
1851 100.0 100.0
1852 100.0 100.0
1853 100.0 100.0
1854 100.0 100.0
1855 100.0 100.0
1856 100.0 100.0
1857 100.0 100.0
1858 100.0 100.0
1859 100.0 100.0
1860 100.0 100.0
1861 100.0 100.0
1862 100.0 100.0
1863 100.0 100.0
1864 100.0 100.0
1865 100.0 100.0
1866 100.0 100.0
1867 100.0 100.0
1868 100.0 100.0
1869 100.0 100.0
1870 100.0 100.0
1871 100.0 100.0
1872 100.0 100.0
1873 100.0 100.0
1874 100.0 100.0
1875 100.0 100.0
1876 100.0 100.0
1877 100.0 100.0
1878 100.0 100.0
1879 100.0 100.0
1880 100.0 100.0
1881 100.0 100.0
1882 100.0 100.0
1883 100.0 100.0
1884 100.0 100.0
1885 100.0 100.0
1886 100.0 100.0
1887 100.0 100.0
1888 100.0 100.0
1889 100.0 100.0
1890 100.0 100.0
1891 100.0 100.0
1892 100.0 100.0
1893 100.0 100.0
1894 100.0 100.0
1895 100.0 100.0
1896 100.0 100.0
1897 100.0 100.0
1898 100.0 100.0
1899 100.0 100.0
1900 100.0 100.0
1901 100.0 100.0
1902 100.0 100.0
1903 100.0 100.0
1904 100.0 100.0
1905 100.0 100.0
1906 100.0 100.0
1907 100.0 100.0
1908 100.0 100.0
1909 100.0 100.0
1910 100.0 100.0
1911 100.0 100.0
1912 100.0 100.0
1913 100.0 100.0
1914 100.0 100.0
1915 100.0 100.0
1916 100.0 100.0
1917 100.0 100.0
1918 100.0 100.0
1919 100.0 100.0
1920 100.0 100.0
1921 100.0 100.0
1922 100.0 100.0
1923 100.0 100.0
1924 100.0 100.0
1925 100.0 100.0
1926 100.0 100.0
1927 100.0 100.0
1928 100.0 100.0
1929 100.0 100.0
1930 100.0 100.0
1931 100.0 100.0
1932 100.0 100.0
1933 100.0 100.0
1934 100.0 100.0
1935 100.0 100.0
1936 100.0 100.0
1937 100.0 100.0
1938 100.0 100.0
1939 100.0 100.0
1940 100.0 100.0
1941 100.0 100.0
1942 100.0 100.0
1943 100.0 100.0
1944 100.0 100.0
1945 100.0 100.0
1946 100.0 100.0
1947 100.0 100.0
1948 100.0 100.0
1949 100.0 100.0
1950 100.0 100.0
1951 100.0 100.0
1952 100.0 100.0
1953 100.0 100.0
1954 100.0 100.0
1955 100.0 100.0
1956 100.0 100.0
1957 100.0 100.0
1958 100.0 100.0
1959 100.0 100.0
1960 100.0 100.0
1961 100.0 100.0
1962 100.0 100.0
1963 100.0 100.0
1964 100.0 100.0
1965 100.0 100.0
1966 100.0 100.0
1967 100.0 100.0
1968 100.0 100.0
1969 100.0 100.0
1970 100.0 100.0
1971 100.0 100.0
1972 100.0 100.0
1973 100.0 100.0
1974 100.0 100.0
1975 100.0 100.0
1976 100.0 100.0
1977 100.0 100.0
1978 100.0 100.0
1979 100.0 100.0
1980 100.0 100.0
1981 100.0 100.0
1982 100.0 100.0
1983 100.0 100.0
1984 100.0 100.0
1985 100.0 100.0
1986 100.0 100.0
1987 100.0 100.0
1988 100.0 100.0
1989 100.0 100.0
1990 100.0 100.0
1991 100.0 100.0
1992 100.0 100.0
1993 100.0 100.0
1994 100.0 100.0
1995 100.0 100.0
1996 100.0 100.0
1997 100.0 100.0
1998 100.0 100.0
1999 100.0 100.0
2000 100.0 100.0
