0.6343914597115752 
0.6707233239758443 
0.6465771775027865 
0.6238990669500967 
0.6056278114900853 
0.5916367475892007 
0.5812041100257936 
0.573484172422072 
0.5677176592157696 
0.5633074006968235 
0.5598191842169762 
0.556952392167138 
0.5545051980315161 
0.5523445816762556 
0.5503837084723354 
0.5485660302994229 
0.5468545698571091 
0.5452248860873282 
0.5436605346953236 
0.5421501719213087 
0.5406857203521821 
0.5392612123212807 
0.5378720616832576 
0.5365146046748202 
0.5351858090952214 
0.5338830885596735 
0.5326041823627947 
0.5313470764324036 
0.530109950175083 
0.5288911397955609 
0.5276891122413284 
0.5265024461218939 
0.5253298173045985 
0.5241699877225826 
0.5230217964467897 
0.5218841523962029 
0.5207560282641812 
0.5196364553694601 
0.5185245192259254 
0.5174193556824381 
0.516320147523118 
0.5152261214458396 
0.5141365453562381 
0.5130507259287161 
0.5119680063964154 
0.5108877645399321 
0.5098094108504411 
0.5087323868473635 
0.5076561635341155 
0.5065802399780999 
0.5055041420031184 
0.5044274209839612 
0.5033496527341519 
0.5022704364788166 
0.5011893939054107 
0.5001061682856867 
0.4990204236628 
0.49793184409789737 
0.49684013297090446 
0.49574501233056045 
0.49464622228904004 
0.49354352045676475 
0.4924366814132492 
0.4913254962100549 
0.490209771902132 
0.48908933110404157 
0.4879640115677337 
0.48683366577875853 
0.48569816056796156 
0.48455737673590277 
0.4834112086874141 
0.48225956407388976 
0.48110236344106994 
0.4799395398802704 
0.47877103868116294 
0.4775968169843973 
0.47641684343252644 
0.4752310978178599 
0.4740395707260489 
0.4728422631743655 
0.47163918624381607 
0.47043036070438116 
0.4692158166328416 
0.46799559302280835 
0.4667697373867212 
0.4655383053497367 
0.4643013602355623 
0.4630589726444321 
0.46181122002354913 
0.46055818623043854 
0.45929996108977167 
0.45803663994432053 
0.45676832320079946 
0.45549511587143676 
0.45421712711218754 
0.45293446975856644 
0.4516472598601308 
0.4503556162146852 
0.44905965990330976 
0.44775951382733453 
0.4464553022483918 
0.4451471503326762 
0.4438351837005337 
0.4425195279824812 
0.4412003083827246 
0.4398776492512188 
0.43855167366525216 
0.4372225030215049 
0.4358902566394636 
0.4345550513770185 
0.4332170012590012 
0.431876217119359 
0.4305328062575842 
0.4291868721099513 
0.4278385139360369 
0.4264878265209294 
0.425134899893462 
0.4237798190607293 
0.42242266375908827 
0.4210635082217652 
0.4197024209631448 
0.41833946457974125 
0.416974695567812 
0.4156081641575129 
0.41423991416345385 
0.4128699828514692 
0.41149840082138334 
0.41012519190551733 
0.4087503730826574 
0.40737395440718227 
0.40599593895303115 
0.40461632277217824 
0.40323509486726994 
0.4018522371780842 
0.4004677245814573 
0.39908152490433724 
0.39769359894962336 
0.39630390053446163 
0.39491237654067324 
0.39351896697701466 
0.3921236050529717 
0.3907262172638166 
0.38932672348666875 
0.3879250370873172 
0.3865210650375857 
0.3851147080430377 
0.3837058606808301 
0.3822944115475577 
0.38088024341692495 
0.3794632334071177 
0.37804325315774656 
0.37662016901624984 
0.3751938422336589 
0.3737641291696255 
0.3723308815066283 
0.3708939464732712 
0.36945316707658676 
0.3680083823432638 
0.36655942756970633 
0.36510613458082997 
0.3636483319974918 
0.36218584551244165 
0.36071849817466667 
0.3592461106819945 
0.3577685016817989 
0.35628548807963945 
0.3547968853556508 
0.3533025078884788 
0.35180216928654345 
0.35029568272639505 
0.3487828612979081 
0.3472635183560512 
0.34573746787894427 
0.34420452483191605 
0.34266450553725264 
0.34111722804932026 
0.33956251253474523 
0.33800018165731444 
0.3364300609672678 
0.3348519792946404 
0.3332657691463198 
0.3316712671064693 
0.33006831423998173 
0.3284567564986123 
0.32683644512944626 
0.3252072370853461 
0.3235689954370213 
0.321921589786346 
0.3202648966805446 
0.31859880002683955 
0.31692319150712933 
0.31523797099224193 
0.31354304695526114 
0.3118383368833829 
0.31012376768770417 
0.30839927611028556 
0.30666480912775873 
0.30492032435067457 
0.303165790417701 
0.301401187383691 
0.29962650710054584 
0.2978417535896921 
0.2960469434048967 
0.2942421059840277 
0.29242728398827744 
0.29060253362724714 
0.2887679249682117 
0.28692354222777483 
0.28506948404406224 
0.28320586372751366 
0.28133280948829 
0.27945046463826795 
0.27755898776557286 
0.27565855287959456 
0.27374934952445734 
0.27183158285895315 
0.2699054737010072 
0.26797125853484627 
0.26602918947914483 
0.2640795342145653 
0.2621225758692748 
0.2601586128612016 
0.2581879586960065 
0.25621094171996467 
0.25422790482720903 
0.2522392051210398 
0.2502452135292758 
0.24824631437392275 
0.24624290489570239 
0.24423539473430245 
0.24222420536549025 
0.2402097694965279 
0.23819253042161956 
0.23617294133939049 
0.234151464634669 
0.2321285711270897 
0.23010473928926828 
0.22808045443750968 
0.22605620789819822 
0.22403249615318632 
0.22200981996762986 
0.21998868350383516 
0.21796959342475447 
0.2159530579908353 
0.21393958615393457 
0.21192968665201967 
0.20992386710833477 
0.20792263313865972 
0.20592648747019093 
0.20393592907547614 
0.20195145232468925 
0.19997354615938057 
0.19800269329066605 
0.19603936942461753 
0.19408404251742123 
0.19213717206264525 
0.19019920841272553 
0.18827059213655042 
0.18635175341477758 
0.18444311147426984 
0.18254507406279277 
0.18065803696487515 
0.1787823835594871 
0.17691848441995878 
0.17506669695633145 
0.17322736510011508 
0.17140081903121454 
0.16958737494658782 
0.1677873348700128 
0.1660009865021681 
0.16422860311006726 
0.16247044345474748 
0.16072675175597423 
0.15899775769261615 
0.15728367643722882 
0.15558470872331742 
0.1539010409436521 
0.15223284527796965 
0.15058027984833952 
0.14894348890043832 
0.14732260300896038 
0.14571773930537862 
0.1441290017262722 
0.14255648128045034 
0.1410002563331163 
0.13946039290535361 
0.13793694498724224 
0.1364299548629625 
0.13493945344629243 
0.13346546062495473 
0.13200798561233118 
0.13056702730512415 
0.12914257464560813 
0.12773460698718253 
0.126343094462006 
0.12496799834956321 
0.12360927144508285 
0.12226685842680227 
0.12094069622113499 
0.11963071436487949 
0.11833683536366352 
0.11705897504589441 
0.11579704291154755 
0.11455094247518903 
0.11332057160268891 
0.1121058228411434 
0.11090658374157779 
0.10972273717405724 
0.10855416163488539 
0.10740073154561694 
0.10626231754365734 
0.10513878676426777 
0.10403000311383265 
0.10293582753428301 
0.10185611825861132 
0.10079073105743577 
0.09973951947661314 
0.09870233506591813 
0.09767902759884084 
0.0966694452835676 
0.09567343496524344 
0.09469084231962044 
0.09372151203822512 
0.09276528800518466 
0.09182201346587013 
0.09089153118752194 
0.08997368361204003 
0.08906831300112213 
0.08817526157394476 
0.08729437163758799 
0.08642548571040871 
0.08556844663856948 
0.0847230977059364 
0.08388928273755572 
0.08306684619692711 
0.08225563327728365 
0.08145548998709343 
0.08066626322999536 
0.07988780087937808 
0.0791199518478093 
0.07836256615152346 
0.07761549497016497 
0.07687859070198966 
0.0761517070147148 
0.07543469889221115 
0.07472742267721973 
0.07402973611027729 
0.07334149836502424 
0.07266257008006842 
0.07199281338757141 
0.07133209193871684 
0.07068027092622031 
0.07003721710402988 
0.0694027988043653 
0.06877688595223601 
0.06815935007757472 
0.0675500643251193 
0.06694890346216568 
0.06635574388431856 
0.0657704636193515 
0.06519294232929257 
0.06462306131084003 
0.06406070349421365 
0.06350575344053795 
0.06295809733785328 
0.062417622995844343 
0.061884219839372485 
0.06135777890089372 
0.06083819281184055 
0.06032535579304364 
0.05981916364426276 
0.059319513732896054 
0.05882630498193051 
0.058339437857197154 
0.057858814353986154 
0.057384337983079126 
0.05691591375624967 
0.05645344817128181 
0.05599684919655408 
0.055546026255231896 
0.05510089020911082 
0.0546613533421517 
0.05422732934374162 
0.053798733291719414 
0.05337548163519614 
0.05295749217720365 
0.0525446840571989 
0.052136977733452536 
0.05173429496534819 
0.051336558795614065 
0.050943693532513226 
0.05055562473201033 
0.05017227917993705 
0.049793584874173916 
0.049419471006864765 
0.04904986794668137 
0.048684707221153097 
0.048323921499073615 
0.04796744457299995 
0.04761521134185381 
0.047267157793636765 
0.04692322098827003 
0.046583339040567065 
0.046247451103347256 
0.04591549735070056 
0.04558741896140645 
0.04526315810251799 
0.04494265791311256 
0.04462586248821748 
0.04431271686291394 
0.044003166996622864 
0.04369715975757818 
0.04339464290748798 
0.04309556508638923 
0.04279987579769594 
0.04250752539344473 
0.04221846505973759 
0.04193264680238512 
0.04165002343274958 
0.04137054855378916 
0.04109417654630368 
0.040820862555382684 
0.04055056247705469 
0.04028323294513832 
0.04001883131829377 
0.03975731566727564 
0.039498644762384696 
0.03924277806111801 
0.038989675696016926 
0.038739298462711444 
0.03849160780815843 
0.038246565819074006 
0.03800413521055739 
0.037764279314904385 
0.03752696207060932 
0.03729214801155315 
0.037059802256376076 
0.03682989049803226 
0.036602378993525336 
0.03637723455382113 
0.03615442453393767 
0.03593391682320804 
0.03571567983571513 
0.03549968250089593 
0.0352858942543125 
0.03507428502858841 
0.03486482524450624 
0.034657485802267 
0.03445223807290571 
0.03424905388986339 
0.03404790554071201 
0.033848765759029426 
0.03365160771642409 
0.03345640501470438 
0.03326313167819239 
0.03307176214617964 
0.032882271265520444 
0.03269463428336347 
0.032508826840017546 
0.03232482496194901 
0.03214260505490993 
0.03196214389719396 
0.03178341863301733 
0.03160640676602414 
0.03143108615291157 
0.03125743499717629 
0.0310854318429758 
0.03091505556910562 
0.03074628538309 
0.03057910081538224 
0.030413481713674452 
0.030249408237314753 
0.030086860851828025 
0.02992582032354093 
0.029766267714307196 
0.029608184376332343 
0.02945155194709604 
0.029296352344369468 
0.029142567761326878 
0.02899018066174895 
0.028839173775316168 
0.028689530092991272 
0.028541232862488122 
0.02839426558382603 
0.02824861200496722 
0.02810425611753721 
0.02796118215262452 
0.027819374576660116 
0.027678818087373613 
0.027539497609825752 
0.027401398292515075 
0.027264505503557628 
0.027128804826938406 
0.026994282058832517 
0.02686092320399553 
0.02672871447222136 
0.02659764227486588 
0.026467693221435953 
0.026338854116241615 
0.02621111195511079 
0.026084453922165525 
0.025958867386657355 
0.025834339899862287 
0.025710859192033055 
0.025588413169407683 
0.025466989911274034 
0.02534657766708804 
0.025227164853645727 
0.0251087400523069 
0.0249912920062706 
0.024874809617900485 
0.024759281946099256 
0.024644698203731476 
0.02453104775509394 
0.02441832011343195 
0.024306504938501276 
0.02419559203417483 
0.02408557134609281 
0.023976432959355875 
0.023868167096260034 
0.023760764114073213 
0.023654214502851652 
0.023548508883296213 
0.02344363800464764 
0.023339592742619368 
0.023236364097368394 
0.02313394319150186 
0.023032321268120284 
0.022931489688895457 
0.02283143993218341 
0.022732163591170165 
0.02263365237205208 
0.02253589809224745 
0.022438892678640618 
0.02234262816585738 
0.022247096694570773 
0.02215229050983724 
0.022058201959462023 
0.021964823492393683 
0.021872147657146724 
0.02178016710025256 
0.021688874564737073 
0.021598262888625583 
0.021508325003473397 
0.02141905393292277 
0.021330442791284626 
0.021242484782145372 
0.021155173196997744 
0.021068501413895456 
0.020982462896131794 
0.020897051190939965 
0.02081225992821728 
0.020728082819270598 
0.020644513655583493 
0.020561546307604678 
0.020479174723557612 
0.02039739292826997 
0.020316195022023576 
0.020235575179423756 
0.020155527648288284 
0.02007604674855503 
0.019997126871208082 
0.019918762477222407 
0.019840948096526218 
0.019763678326980904 
0.019686947833378265 
0.01961075134645461 
0.019535083661921235 
0.01945993963951149 
0.019385314202043872 
0.019311202334500285 
0.019237599083120303 
0.019164499554510238 
0.019091898914766876 
0.019019792388616237 
0.018948175258565892 
0.018877042864072307 
0.0188063906007209 
0.01873621391942031 
0.018666508325609697 
0.018597269378479074 
0.018528492690202153 
0.018460173925182632 
0.018392308799311384 
0.018324893079237136 
0.018257922581648173 
0.018191393172565976 
0.018125300766650292 
0.018059641326515448 
0.017994410862057705 
0.017929605429793386 
0.017865221132207842 
0.017801254117114633 
0.01773770057702511 
0.01767455674852804 
0.017611818911679254 
0.01754948338940089 
0.017487546546890057 
0.01742600479103719 
0.017364854569853625 
0.017304092371907838 
0.017243714725770895 
0.017183718199470767 
0.017124099399954688 
0.017064854972560536 
0.017005981600496243 
0.01694747600432729 
0.016889334941472278 
0.01683155520570638 
0.016774133626672294 
0.016717067069399186 
0.016660352433828872 
0.016603986654349038 
0.016547966699334265 
0.016492289570693486 
0.016436952303424866 
0.01638195196517743 
0.01632728565581898 
0.016272950507011375 
0.01621894368179147 
0.01616526237415908 
0.016111903808670863 
0.01605886524004048 
0.016006143952744672 
0.01595373726063548 
0.01590164250655817 
0.015849857061974938 
0.015798378326594382 
0.015747203728006268 
0.01569633072132213 
0.01564575678882078 
0.015595479439599533 
0.01554549620923034 
0.01549580465942123 
0.015446402377682602 
0.01539728697699825 
0.015348456095502035 
0.015299907396158427 
0.015251638566448074 
0.01520364731805823 
0.015155931386577445 
0.015108488531194637 
0.015061316534402978 
0.015014413201707447 
0.014967776361337424 
0.014921403863962707 
0.01487529358241418 
0.01482944341140809 
0.014783851267274828 
0.014738515087691004 
0.014693432831415956 
0.014648602478031531 
0.014604022027685931 
0.014559689500841199 
0.014515602938024005 
0.014471760399580397 
0.014428159965433826 
0.01438479973484643 
0.014341677826184174 
0.014298792376684778 
0.014256141542229296 
0.014213723497116684 
0.014171536433841713 
0.014129578562875857 
0.014087848112451389 
0.014046343328348254 
0.01400506247368422 
0.013964003828707737 
0.013923165690593774 
0.013882546373242403 
0.01384214420708025 
0.013801957538864623 
0.013761984731490406 
0.013722224163799684 
0.013682674230393738 
0.013643333341447794 
0.013604199922528318 
0.01356527241441276 
0.013526549272911824 
0.013488028968693961 
0.013449709987112505 
0.013411590828035008 
0.013373670005674833 
0.01333594604842526 
0.013298417498695494 
0.013261082912749286 
0.013223940860545251 
0.013186989925579656 
0.013150228704731304 
0.01311365580810852 
0.013077269858897681 
0.013041069493214626 
0.013005053359957122 
0.012969220120660253 
0.012933568449352782 
0.01289809703241598 
0.012862804568444259 
0.012827689768107442 
0.012792751354015128 
0.012757988060582426 
0.012723398633897957 
0.012688981831593053 
0.012654736422713198 
0.012620661187590792 
0.012586754917719465 
0.012553016415630447 
0.012519444494770191 
0.012486037979379803 
0.012452795704375727 
0.012419716515232371 
0.012386799267865841 
0.01235404282851956 
0.012321446073650915 
0.012289007889819875 
0.012256727173578535 
0.012224602831362286 
0.012192633779382508 
0.01216081894352045 
0.012129157259222343 
0.012097647671396169 
0.012066289134309467 
0.012035080611488586 
0.012004021075619051 
0.011973109508447287 
0.011942344900683603 
0.011911726251906367 
0.011881252570467259 
0.011850922873397925 
0.011820736186317592 
0.011790691543341917 
0.01176078798699303 
0.011731024568110662 
0.011701400345764126 
0.011671914387165878 
0.011642565767585666 
0.011613353570266056 
0.011584276886338805 
0.011555334814742333 
0.011526526462140259 
0.011497850942840847 
0.011469307378717439 
0.011440894899129942 
0.01141261264084706 
0.011384459747969944 
0.011356435371856096 
0.011328538671044698 
0.01130076881118271 
0.011273124964951822 
0.011245606311996226 
0.011218212038851438 
0.01119094133887377 
0.011163793412170856 
0.011136767465532774 
0.011109862712364124 
0.011083078372617027 
0.011056413672724641 
0.011029867845535729 
0.011003440130249866 
0.010977129772353374 
0.010950936023556207 
0.010924858141729353 
0.010898895390843058 
0.010873047040905928 
0.010847312367904479 
0.01082169065374357 
0.01079618118618747 
0.01077078325880173 
0.0107454961708954 
0.01072031922746449 
0.01069525173913544 
0.010670293022109766 
0.010645442398108966 
0.010620699194320349 
0.010596062743343394 
0.0105715323831366 
0.01054710745696514 
0.010522787313348922 
0.010498571306011555 
0.010474458793829466 
0.010450449140782013 
0.010426541715901742 
0.010402735893225809 
0.01037903105174727 
0.010355426575367418 
0.010331921852848484 
0.01030851627776676 
0.010285209248466482 
0.010262000168014162 
0.010238888444153306 
0.010215873489259689 
0.010192954720297371 
0.010170131558774723 
0.010147403430701477 
0.010124769766545888 
0.010102230001192617 
0.010079783573900623 
0.010057429928262335 
0.01003516851216242 
0.010012998777737555 
0.009990920181336568 
0.009968932183480578 
0.009947034248824364 
0.00992522584611737 
0.009903506448165775 
0.009881875531794362 
0.009860332577809475 
0.009838877070961826 
0.009817508499909918 
0.009796226357183978 
0.009775030139150187 
0.00975391934597507 
0.009732893481590824 
0.009711952053660391 
0.009691094573543281 
0.009670320556261885 
0.009649629520467648 
0.009629020988408099 
0.00960849448589403 
0.009588049542266965 
0.009567685690367124 
0.00954740246650163 
0.009527199410413158 
0.009507076065248705 
0.009487031977529002 
0.00946706669711797 
0.009447179777192605 
0.009427370774213252 
0.009407639247894171 
0.009387984761174258 
0.009368406880188276 
0.009348905174238191 
0.00932947921576513 
0.00931012858032121 
0.009290852846542016 
0.009271651596119179 
0.009252524413773297 
0.00923347088722712 
0.009214490607179045 
0.009195583167276849 
0.009176748164091727 
0.009157985197092575 
0.009139293868620555 
0.00912067378386398 
0.009102124550833236 
0.009083645780336214 
0.009065237085954058 
0.009046898084016696 
0.00902862839357916 
0.009010427636397842 
0.008992295436907077 
0.008974231422196027 
0.008956235221985548 
0.00893830646860568 
0.008920444796973112 
0.008902649844568863 
0.008884921251416291 
0.008867258660059291 
0.008849661715540712 
0.008832130065380982 
0.008814663359556933 
0.008797261250480932 
0.008779923392980013 
0.008762649444275529 
0.008745439063962735 
0.00872829191399066 
0.008711207658642212 
0.00869418596451452 
0.008677226500499374 
0.008660328937763851 
0.0086434929497312 
0.008626718212062033 
0.008610004402635384 
0.008593351201530243 
0.008576758291007104 
0.008560225355489868 
0.008543752081547746 
0.0085273381578773 
0.008510983275285 
0.008494687126669544 
0.0084784494070046 
0.008462269813321557 
0.00844614804469274 
0.008430083802214295 
0.008414076788989776 
0.008398126710113453 
0.008382233272654133 
0.008366396185638848 
0.008350615160036826 
0.008334889908743757 
0.008319220146565907 
0.008303605590204651 
0.008288045958240984 
0.008272540971120264 
0.008257090351137222 
0.008241693822420716 
0.008226351110919128 
0.008211061944385548 
0.008195826052363254 
0.008180643166171236 
0.008165513018890048 
0.008150435345347522 
0.008135409882104875 
0.00812043636744267 
0.008105514541347274 
0.00809064414549699 
0.00807582492324891 
0.008061056619625133 
0.008046338981299856 
0.008031671756586145 
0.008017054695422906 
0.008002487549362065 
0.00798797007155587 
0.0079735020167441 
0.007959083141241653 
0.007944713202926253 
0.007930391961225934 
0.007916119177107125 
0.007901894613062337 
0.007887718033098422 
0.007873589202724738 
0.00785950788894121 
0.00784547386022694 
0.007831486886528627 
0.007817546739249158 
0.0078036531912362775 
0.0077898060167714295 
0.007776004991558621 
0.007762249892713544 
0.00774854049875256 
0.007734876589581952 
0.007721257946487139 
0.007707684352122397 
0.007694155590499926 
0.007680671446979691 
0.007667231708259116 
0.007653836162362785 
0.007640484598632347 
0.0076271768077165545 
0.007613912581561081 
0.007600691713398985 
0.007587513997740729 
0.007574379230364568 
0.007561287208306917 
0.0075482377298528806 
0.0075352305945268795 
0.007522265603083193 
0.007509342557496758 
0.007496461260954084 
0.007483621517843986 
0.0074708231337487305 
0.007458065915435016 
0.007445349670845116 
0.007432674209088247 
0.007420039340431634 
0.007407444876292053 
0.007394890629227304 
0.007382376412927603 
0.007369902042207317 
0.007357467332996572 
0.00734507210233303 
0.00733271616835376 
0.007320399350286982 
0.007308121468444206 
0.007295882344212178 
0.007283681800044962 
0.007271519659456171 
0.007259395747011218 
0.007247309888319533 
0.0072352619100270075 
0.007223251639808433 
0.007211278906359989 
0.0071993435393917955 
0.0071874453696206195 
0.007175584228762423 
0.007163759949525316 
0.0071519723656022025 
0.007140221311663799 
0.007128506623351504 
0.007116828137270393 
0.007105185690982303 
0.007093579122999002 
0.007082008272775237 
0.007070472980702188 
0.00705897308810049 
0.00704750843721382 
0.007036078871202182 
0.007024684234135444 
0.0070133243709867765 
0.007001999127626276 
0.006990708350814589 
0.006979451888196613 
0.006968229588295162 
0.006957041300504793 
0.006945886875085749 
0.0069347661631576265 
0.006923679016693499 
0.006912625288513883 
0.006901604832280684 
0.006890617502491386 
0.006879663154473157 
0.006868741644377038 
0.006857852829172178 
0.006846996566640092 
0.006836172715369095 
0.006825381134748542 
0.006814621684963381 
0.00680389422698849 
0.006793198622583312 
0.006782534734286402 
0.0067719024254099 
0.006761301560034402 
0.006750732003003452 
0.006740193619918391 
0.006729686277133121 
0.006719209841748912 
0.006708764181609211 
0.0066983491652946895 
0.006687964662118096 
0.006677610542119224 
0.006667286676059974 
0.006656992935419482 
0.00664672919238911 
0.006636495319867668 
0.0066262911914566226 
0.006616116681455274 
0.006605971664856021 
0.006595856017339722 
0.006585769615270967 
0.006575712335693496 
0.006565684056325634 
0.006555684655555593 
0.00654571401243722 
0.006535772006685327 
0.006525858518671287 
0.006515973429418637 
0.0065061166205987574 
0.006496287974526432 
0.006486487374155695 
0.006476714703075415 
0.006466969845505131 
0.006457252686290855 
0.006447563110900896 
0.006437901005421723 
0.006428266256553863 
0.0064186587516078435 
0.006409078378500157 
0.006399525025749159 
0.00638999858247132 
0.006380498938377009 
0.006371025983766801 
0.006361579609527443 
0.006352159707128105 
0.006342766168616504 
0.006333398886615115 
0.006324057754317428 
0.006314742665484225 
0.006305453514439797 
0.006296190196068349 
0.0062869526058103795 
0.006277740639658918 
0.006268554194156093 
0.0062593931663894814 
0.006250257453988579 
0.00624114695512131 
0.006232061568490518 
0.00622300119333055 
0.006213965729403786 
0.006204955076997252 
0.006195969136919279 
0.006187007810496067 
0.006178070999568405 
0.006169158606488424 
0.00616027053411624 
0.006151406685816723 
0.006142566965456264 
0.0061337512773996655 
0.006124959526506794 
0.006116191618129579 
0.006107447458108822 
0.00609872695277101 
0.00609003000892545 
0.006081356533860942 
0.006072706435342978 
0.0060640796216105495 
0.006055476001373264 
0.006046895483808338 
0.006038337978557623 
0.006029803395724755 
0.006021291645872176 
0.006012802640018326 
0.006004336289634683 
0.005995892506643002 
0.005987471203412458 
0.005979072292756944 
0.005970695687932116 
0.0059623413026327985 
0.005954009050990188 
0.005945698847569111 
0.005937410607365395 
0.005929144245803115 
0.005920899678732033 
0.005912676822424842 
0.005904475593574648 
0.005896295909292343 
0.005888137687104023 
0.005880000844948418 
0.005871885301174334 
0.005863790974538244 
0.00585571778420157 
0.005847665649728445 
0.005839634491083056 
0.005831624228627257 
0.005823634783118182 
0.005815666075705745 
0.005807718027930357 
0.005799790561720396 
0.0057918835993899815 
0.005783997063636534 
0.005776130877538536 
0.005768284964553114 
0.0057604592485138335 
0.005752653653628391 
0.005744868104476303 
0.005737102526006758 
0.005729356843536312 
0.005721630982746652 
0.005713924869682523 
0.005706238430749366 
0.005698571592711312 
0.00569092428268899 
0.00568329642815729 
0.005675687956943353 
0.005668098797224429 
0.005660528877525822 
0.005652978126718692 
0.005645446474018127 
0.005637933848981095 
0.005630440181504251 
0.0056229654018221855 
0.005615509440505115 
0.00560807222845712 
0.0056006536969140834 
0.005593253777441732 
0.005585872401933686 
0.005578509502609545 
0.005571165012012946 
0.005563838863009665 
0.005556530988785681 
0.00554924132284542 
0.005541969799009706 
0.005534716351414089 
0.005527480914506818 
0.005520263423047169 
0.005513063812103543 
0.0055058820170517005 
0.005498717973572908 
0.0054915716176523076 
0.0054844428855769095 
0.00547733171393407 
0.005470238039609648 
0.005463161799786186 
0.005456102931941414 
0.005449061373846291 
0.005442037063563508 
0.005435029939445737 
0.005428039940133862 
0.0054210670045554635 
0.005414111071923125 
0.005407172081732737 
0.005400249973761925 
0.00539334468806843 
0.005386456164988507 
0.005379584345135257 
0.0053727291693971635 
0.005365890578936459 
0.005359068515187507 
0.005352262919855354 
0.005345473734914172 
0.005338700902605607 
0.005331944365437449 
0.005325204066181937 
0.00531847994787441 
0.005311771953811703 
0.005305080027550797 
0.005298404112907161 
0.0052917441539534656 
0.005285100095018053 
0.005278471880683526 
0.005271859455785283 
0.005265262765410096 
0.005258681754894792 
0.0052521163698246946 
0.005245566556032393 
0.005239032259596141 
0.005232513426838798 
0.005226010004326167 
0.005219521938865797 
0.005213049177505589 
0.005206591667532444 
0.005200149356470983 
0.005193722192082193 
0.005187310122362102 
0.0051809130955404945 
0.005174531060079625 
0.005168163964672891 
0.005161811758243617 
0.005155474389943758 
0.005149151809152574 
0.005142843965475506 
0.0051365508087428 
0.005130272289008355 
0.00512400835654846 
0.005117758961860598 
0.0051115240556622275 
0.005105303588889526 
0.005099097512696252 
0.005092905778452551 
0.005086728337743753 
0.005080565142369214 
0.005074416144341128 
0.005068281295883365 
0.005062160549430402 
0.005056053857626048 
0.005049961173322416 
0.005043882449578706 
0.005037817639660192 
0.005031766697036965 
0.005025729575382982 
0.005019706228574843 
0.005013696610690756 
0.005007700676009428 
0.005001718379009018 
0.004995749674366008 
0.004989794516954207 
0.004983852861843607 
0.0049779246642994174 
0.004972009879781013 
0.004966108463940751 
0.004960220372623182 
0.0049543455618638165 
0.004948483987888183 
0.00494263560711085 
0.004936800376134377 
0.004930978251748309 
0.0049251691909281865 
0.0049193731508345995 
0.004913590088812144 
0.004907819962388525 
0.0049020627292734615 
0.004896318347357876 
0.004890586774712851 
0.00488486796958864 
0.004879161890413821 
0.004873468495794307 
0.004867787744512427 
0.004862119595525947 
0.004856464007967208 
0.004850820941142232 
0.004845190354529735 
0.0048395722077802395 
0.004833966460715265 
0.004828373073326282 
0.004822792005773984 
0.004817223218387296 
0.004811666671662503 
0.004806122326262484 
0.004800590143015706 
0.004795070082915434 
0.004789562107118912 
0.0047840661769464315 
0.004778582253880533 
0.00477311029956516 
0.004767650275804863 
0.004762202144563849 
0.004756765867965297 
0.004751341408290515 
0.004745928727978016 
0.004740527789622839 
0.004735138555975631 
0.004729760989942026 
0.004724395054581609 
0.004719040713107302 
0.004713697928884547 
0.004708366665430459 
0.004703046886413162 
0.004697738555650899 
0.004692441637111337 
0.0046871560949108045 
0.004681881893313519 
0.004676618996730839 
0.004671367369720506 
0.004666126976985885 
0.0046608977833753435 
0.0046556797538813074 
0.0046504728536397345 
0.0046452770479292645 
0.004640092302170544 
0.004634918581925522 
0.004629755852896691 
0.004624604080926423 
0.004619463231996244 
0.004614333272226198 
0.004609214167873977 
0.004604105885334437 
0.004599008391138805 
0.00459392165195399 
0.004588845634581936 
0.004583780305958946 
0.004578725633154994 
0.004573681583373076 
0.004568648123948517 
0.004563625222348331 
0.004558612846170588 
0.0045536109631437085 
0.004548619541125908 
0.004543638548104464 
0.004538667952195048 
0.004533707721641238 
0.004528757824813743 
0.004523818230209869 
0.004518888906452763 
0.004513969822290977 
0.004509060946597748 
0.004504162248370285 
0.004499273696729409 
0.004494395260918701 
0.004489526910304019 
0.004484668614372904 
0.004479820342733946 
0.004474982065116163 
0.004470153751368534 
0.004465335371459237 
0.004460526895475226 
0.004455728293621541 
0.0044509395362208205 
0.004446160593712644 
0.004441391436653048 
0.004436632035713856 
0.004431882361682243 
0.004427142385460036 
0.0044224120780632925 
0.004417691410621669 
0.004412980354377884 
0.004408278880687154 
0.004403586961016703 
0.00439890456694516 
0.004394231670162091 
0.0043895682424674 
0.004384914255770816 
0.00438026968209137 
0.0043756344935569486 
0.004371008662403588 
0.004366392160975098 
0.004361784961722563 
0.004357187037203708 
0.0043525983600824925 
0.004348018903128541 
0.004343448639216712 
0.0043388875413265015 
0.004334335582541606 
0.004329792736049428 
0.004325258975140559 
0.004320734273208291 
0.004316218603748122 
0.004311711940357315 
0.004307214256734364 
0.0043027255266785604 
0.004298245724089451 
0.004293774822966443 
0.004289312797408236 
0.004284859621612492 
0.004280415269875239 
0.004275979716590477 
0.004271552936249685 
0.00426713490344135 
0.004262725592850573 
0.004258324979258587 
0.004253933037542273 
0.0042495497426737186 
0.004245175069719859 
0.004240808993841893 
0.0042364514902949475 
0.0042321025344275905 
0.004227762101681462 
0.004223430167590708 
0.004219106707781668 
0.004214791697972457 
0.004210485113972405 
0.0042061869316817645 
0.0042018971270912685 
0.004197615676281659 
0.0041933425554232665 
0.004189077740775682 
0.0041848212086872515 
0.004180572935594729 
0.004176332898022824 
0.004172101072583815 
0.0041678774359771575 
0.004163661964989062 
0.0041594546364921 
0.00415525542744483 
0.004151064314891371 
0.004146881275961003 
0.004142706287867848 
0.004138539327910386 
0.004134380373471119 
0.0041302294020161955 
0.004126086391095013 
0.004121951318339806 
0.004117824161465344 
0.0041137048982685075 
0.004109593506627906 
0.0041054899645035035 
0.004101394249936292 
0.004097306341047918 
0.004093226216040215 
0.004089153853195026 
0.0040850892308736475 
0.004081032327516633 
0.004076983121643288 
0.004072941591851419 
0.00406890771681696 
0.004064881475293618 
0.004060862846112451 
0.004056851808181634 
0.004052848340486039 
0.004048852422086922 
0.00404486403212154 
0.004040883149802894 
0.004036909754419269 
0.004032943825334008 
0.0040289853419851005 
0.004025034283884888 
0.004021090630619732 
0.004017154361849685 
0.004013225457308103 
0.004009303896801397 
0.0040053896602087035 
0.004001482727481475 
0.003997583078643279 
0.003993690693789361 
0.003989805553086426 
0.00398592763677226 
0.003982056925155429 
0.003978193398614977 
0.0039743370376001215 
0.003970487822629899 
0.003966645734292921 
0.003962810753247 
0.003958982860218907 
0.003955162036004029 
0.0039513482614660644 
0.003947541517536765 
0.003943741785215558 
0.003939949045569368 
0.003936163279732171 
0.003932384468904844 
0.003928612594354807 
0.003924847637415654 
0.003921089579487065 
0.003917338402034322 
0.003913594086588101 
0.003909856614744186 
0.0039061259681632066 
0.003902402128570329 
0.0038986850777549195 
0.003894974797570376 
0.0038912712699338443 
0.0038875744768257794 
0.0038838844002898843 
0.0038802010224326744 
0.003876524325423323 
0.0038728542914932907 
0.003869190902936153 
0.003865534142107243 
0.0038618839914234225 
0.003858240433362858 
0.003854603450464675 
0.003850973025328731 
0.0038473491406154172 
0.0038437317790453057 
0.003840120923398916 
0.003836516556516489 
0.0038329186612977226 
0.0038293272207014888 
0.0038257422177455764 
0.0038221636355065354 
0.003818591457119255 
0.0038150256657768803 
0.003811466244730507 
0.0038079131772888264 
0.0038043664468180895 
0.003800826036741686 
0.0037972919305399684 
0.0037937641117500288 
0.0037902425639654114 
0.0037867272708359085 
0.003783218216067322 
0.003779715383421196 
0.0037762187567145925 
0.0037727283198198936 
0.003769244056664502 
0.0037657659512307226 
0.0037622939875553377 
0.0037588281497295713 
0.0037553684218987896 
0.0037519147882622175 
0.0037484672330727878 
0.0037450257406368937 
0.0037415902953141338 
0.0037381608815171413 
0.0037347374837113255 
0.0037313200864146703 
0.003727908674197467 
0.003724503231682182 
0.0037211037435431558 
0.003717710194506451 
0.0037143225693495752 
0.003710940852901304 
0.003707565030041474 
0.0037041950857007407 
0.003700831004860423 
0.0036974727725521926 
0.0036941203738579753 
0.0036907737939096915 
0.003687433017889017 
0.003684098031027233 
0.003680768818605017 
0.0036774453659522022 
0.0036741276584475514 
0.003670815681518688 
0.0036675094206417213 
0.0036642088613412054 
0.00366091398918978 
0.003657624789808118 
0.00365434124886461 
0.0036510633520752934 
0.0036477910852035396 
0.003644524434059929 
0.003641263384502013 
0.003638007922434159 
0.0036347580338073372 
0.0036315137046189707 
0.0036282749209126707 
0.0036250416687780883 
0.0036218139343507745 
0.0036185917038119068 
0.0036153749633881524 
0.0036121636993514897 
0.0036089578980189646 
0.0036057575457526126 
0.0036025626289591835 
0.0035993731340899747 
0.0035961890476406823 
0.003593010356151226 
0.0035898370462055466 
0.0035866691044313796 
0.003583506517500201 
0.0035803492721269265 
0.003577197355069828 
0.003574050753130281 
0.0035709094531526757 
0.0035677734420241753 
0.003564642706674553 
0.0035615172340760547 
0.003558397011243217 
0.0035552820252326557 
0.0035521722631429433 
0.0035490677121144828 
0.003545968359329194 
0.0035428741920104775 
0.00353978519742305 
0.003536701362872669 
0.003533622675706099 
0.003530549123310866 
0.003527480693115096 
0.003524417372587406 
0.0035213591492366855 
0.0035183060106119845 
0.0035152579443023385 
0.0035122149379365718 
0.0035091769791831704 
0.0035061440557501823 
0.0035031161553849043 
0.0035000932658739406 
0.0034970753750428385 
0.0034940624707560843 
0.003491054540916866 
0.003488051573466947 
0.003485053556386557 
0.003482060477694131 
0.00347907232544627 
0.0034760890877375593 
0.0034731107527003575 
0.003470137308504748 
0.0034671687433583064 
0.0034642050455060127 
0.003461246203230039 
0.0034582922048497057 
0.0034553430387212246 
0.003452398693237626 
0.0034494591568285794 
0.0034465244179602817 
0.0034435944651352744 
0.00344066928689235 
0.0034377488718063784 
0.003434833208488167 
0.003431922285584337 
0.003429016091777145 
0.003426114615784426 
0.0034232178463593386 
0.003420325772290356 
0.0034174383824010232 
0.0034145556655498883 
0.0034116776106303142 
0.0034088042065704115 
0.0034059354423328202 
0.0034030713069146687 
0.0034002117893473516 
0.0033973568786964496 
0.003394506564061593 
0.0033916608345763346 
0.0033888196794079955 
0.0033859830877575416 
0.0033831510488594764 
0.0033803235519816836 
0.0033775005864253287 
0.0033746821415247 
0.003371868206647117 
0.0033690587711927627 
0.0033662538245945854 
0.0033634533563181605 
0.0033606573558616092 
0.0033578658127553836 
0.003355078716562236 
0.0033522960568770294 
0.003349517823326664 
0.003346744005569939 
0.0033439745932974125 
0.003341209576231281 
0.003338448944125308 
0.003335692686764642 
0.003332940793965719 
0.003330193255576184 
0.0033274500614747108 
0.003324711201570905 
0.003321976665805231 
0.0033192464441488155 
0.0033165205266034083 
0.0033137989032011993 
0.0033110815640047743 
0.0033083684991069284 
0.003305659698630628 
0.0033029551527288337 
0.0033002548515843797 
0.003297558785409947 
0.0032948669444478607 
0.0032921793189700337 
0.0032894958992778353 
0.0032868166757019594 
0.0032841416386023784 
0.003281470778368165 
0.0032788040854173856 
0.003276141550197108 
0.0032734831631831066 
0.0032708289148798628 
0.003268178795820524 
0.003265532796566635 
0.003262890907708151 
0.0032602531198633183 
0.0032576194236785126 
0.003254989809828173 
0.003252364269014729 
0.0032497427919684404 
0.003247125369447289 
0.0032445119922369734 
0.0032419026511506547 
0.003239297337029003 
0.003236696040739997 
0.0032340987531788734 
0.003231505465267958 
0.0032289161679566972 
0.003226330852221434 
0.0032237495090653287 
0.0032211721295183245 
0.003218598704637004 
0.003216029225504475 
0.0032134636832302837 
0.0032109020689503882 
0.0032083443738269123 
0.0032057905890482156 
0.0032032407058286937 
0.0032006947154086685 
0.003198152609054412 
0.003195614378057904 
0.003193080013736852 
0.003190549507434518 
0.003188022850519696 
0.0031855000343865474 
0.0031829810504546024 
0.0031804658901685118 
0.0031779545449981588 
0.0031754470064383877 
0.003172943266009038 
0.003170443315254751 
0.0031679471457449855 
0.0031654547490738384 
0.0031629661168600153 
0.003160481240746694 
0.0031580001124014425 
0.003155522723516239 
0.003153049065807185 
0.0031505791310145626 
0.0031481129109027584 
0.003145650397260057 
0.003143191581898682 
0.00314073645665459 
0.003138285013387525 
0.0031358372439808276 
0.0031333931403413383 
0.003130952694399435 
0.0031285158981087966 
0.0031260827434464447 
0.0031236532224125603 
0.003121227327030475 
0.003118805049346548 
0.0031163863814301293 
0.0031139713153733907 
0.003111559843291349 
0.0031091519573217103 
0.0031067476496247754 
0.0031043469123834882 
0.0031019497378031754 
0.0030995561181115824 
0.003097166045558793 
0.0030947795124170886 
0.0030923965109809176 
0.0030900170335668073 
0.003087641072513298 
0.0030852686201807804 
0.0030828996689515587 
0.00308053421122967 
0.0030781722394408522 
0.003075813746032418 
0.003073458723473248 
0.003071107164253669 
0.003068759060885386 
0.0030664144059014417 
0.003064073191856036 
0.0030617354113246097 
0.0030594010569036352 
0.0030570701212106017 
0.0030547425968839442 
0.003052418476582957 
0.0030500977529877024 
0.003047780418798959 
0.003045466466738197 
0.0030431558895474067 
0.003040848679989078 
0.0030385448308461265 
0.003036244334921879 
0.003033947185039865 
0.003031653374043865 
0.0030293628947978025 
0.003027075740185706 
0.0030247919031115194 
0.0030225113764992023 
0.0030202341532925697 
0.0030179602264551555 
0.0030156895889703007 
0.0030134222338409947 
0.003011158154089779 
0.003008897342758724 
0.0030066397929093824 
0.0030043854976226714 
0.0030021344499988473 
0.0029998866431573735 
0.0029976420702369517 
0.0029954007243953645 
0.002993162598809492 
0.0029909276866751464 
0.0029886959812070995 
0.0029864674756389887 
0.002984242163223217 
0.0029820200372309173 
0.0029798010909519073 
0.002977585317694575 
0.002975372710785886 
0.0029731632635712456 
0.002970956969414463 
0.002968753821697723 
0.002966553813821481 
0.0029643569392044083 
0.002962163191283288 
0.0029599725635131146 
0.0029577850493667985 
0.002955600642335297 
0.002953419335927437 
0.002951241123669937 
0.0029490659991072707 
0.0029468939558016513 
0.002944724987332969 
0.0029425590872987056 
0.0029403962493139146 
0.0029382364670111297 
0.0029360797340402906 
0.0029339260440687546 
0.002931775390781134 
0.0029296277678793714 
0.0029274831690825343 
0.002925341588126856 
0.002923203018765655 
0.0029210674547692503 
0.0029189348899249555 
0.0029168053180369568 
0.002914678732926318 
0.002912555128430877 
0.0029104344984052454 
0.0029083168367206517 
0.0029062021372650232 
0.0029040903939427654 
0.0029019816006748945 
0.0028998757513988083 
0.002897772840068364 
0.002895672860653729 
0.002893575807141376 
0.002891481673534005 
0.002889390453850515 
0.0028873021421259282 
0.0028852167324113324 
0.0028831342187738635 
0.0028810545952966116 
0.0028789778560785796 
0.0028769039952346335 
0.0028748330068954667 
0.002872764885207492 
0.0028706996243328484 
0.0028686372184493587 
0.0028665776617503866 
0.002864520948444889 
0.002862467072757325 
0.0028604160289275224 
0.002858367811210822 
0.0028563224138778136 
0.002854279831214434 
0.002852240057521849 
0.002850203087116401 
0.00284816891432958 
0.0028461375335079725 
0.002844108939013227 
0.0028420831252219643 
0.002840060086525727 
0.0028380398173309786 
0.0028360223120590554 
0.002834007565146038 
0.002831995571042787 
0.0028299863242148377 
0.0028279798191423837 
0.0028259760503202454 
0.0028239750122577905 
0.0028219766994788823 
0.002819981106521827 
0.0028179882279393653 
0.0028159980582986434 
0.0028140105921810503 
0.002812025824182297 
0.0028100437489123097 
0.0028080643609951768 
0.0028060876550691466 
0.0028041136257865255 
0.002802142267813697 
0.0028001735758310035 
0.002798207544532763 
0.0027962441686271936 
0.0027942834428363508 
0.0027923253618961424 
0.0027903699205562155 
0.002788417113579948 
0.0027864669357444143 
0.0027845193818403216 
0.0027825744466719367 
0.0027806321250571347 
0.0027786924118272435 
0.002776755301827063 
0.002774820789914823 
0.0027728888709621295 
0.0027709595398539063 
0.002769032791488389 
0.002767108620777027 
0.002765187022644493 
0.002763267992028616 
0.002761351523880331 
0.0027594376131636882 
0.0027575262548557274 
0.0027556174439464926 
0.0027537111754390047 
0.0027518074443491666 
0.0027499062457057495 
0.0027480075745503667 
0.0027461114259374167 
0.002744217794934019 
0.0027423266766200237 
0.0027404380660879463 
0.002738551958442903 
0.0027366683488026086 
0.002734787232297326 
0.0027329086040698233 
0.0027310324592753083 
0.0027291587930814163 
0.002727287600668202 
0.0027254188772280266 
0.002723552617965588 
0.0027216888180978133 
0.00271982747285391 
0.0027179685774752246 
0.002716112127215274 
0.0027142581173397054 
0.002712406543126199 
0.00271055739986451 
0.0027087106828563934 
0.0027068663874155047 
0.0027050245088675044 
0.0027031850425498754 
0.0027013479838119848 
0.0026995133280149908 
0.002697681070531817 
0.0026958512067471675 
0.002694023732057397 
0.0026921986418705288 
0.0026903759316062228 
0.0026885555966957375 
0.0026867376325818747 
0.002684922034718937 
0.002683108798572731 
0.002681297919620523 
0.002679489393350945 
0.0026776832152640142 
0.0026758793808711076 
0.0026740778856948815 
0.0026722787252692714 
0.002670481895139469 
0.0026686873908618 
0.0026668952080037946 
0.0026651053421441325 
0.002663317788872526 
0.0026615325437897956 
0.0026597496025077584 
0.0026579689606492434 
0.0026561906138480025 
0.0026544145577487555 
0.0026526407880070706 
0.0026508693002893755 
0.002649100090272947 
0.0026473331536458022 
0.0026455684861067617 
0.0026438060833653457 
0.0026420459411417314 
0.0026402880551668144 
0.002638532421182045 
0.002636779034939502 
0.0026350278922018075 
0.0026332789887421344 
0.0026315323203440926 
0.002629787882801796 
0.002628045671919786 
0.002626305683512954 
0.002624567913406607 
0.0026228323574363516 
0.002621099011448112 
0.0026193678712980468 
0.0026176389328526 
0.0026159121919883893 
0.0026141876445922086 
0.002612465286561003 
0.002610745113801839 
0.00260902712223182 
0.0026073113077781547 
0.002605597666378034 
0.002603886193978666 
0.002602176886537192 
0.0026004697400206916 
0.0025987647504061443 
0.0025970619136803895 
0.0025953612258401175 
0.0025936626828918074 
0.0025919662808517414 
0.002590272015745934 
0.002588579883610132 
0.0025868898804897473 
0.002585202002439869 
0.002583516245525223 
0.0025818326058201285 
0.0025801510794084695 
0.002578471662383692 
0.00257679435084876 
0.0025751191409160755 
0.0025734460287075676 
0.0025717750103545407 
0.002570106081997739 
0.002568439239787228 
