1.691494214142916 
1.6063890014728741 
1.5244736429627255 
1.4513245177054792 
1.390729922171233 
1.3439642704361348 
1.3099929228032092 
1.28646561949511 
1.2707340898731967 
1.2604692397044932 
1.253877570110522 
1.2496835665023622 
1.2470239149653692 
1.2453324251778124 
1.2442453285657291 
1.243532148288669 
1.2430483291157444 
1.2427039391687824 
1.2424434419350963 
1.2422328037872263 
1.242051352389563 
1.2418866690048427 
1.2417314007511369 
1.2415812803700987 
1.2414339019441463 
1.2412879680483182 
1.2411428298277465 
1.2409982083704154 
1.240854027772059 
1.2407103166228812 
1.2405671511049585 
1.2404246231531788 
1.2402828235176138 
1.240141833526046 
1.2400017217939279 
1.239862543636209 
1.239724341857977 
1.2395871481614131 
1.2394509847438768 
1.2393158658621888 
1.2391817992549303 
1.2390487873807459 
1.2389168284666496 
1.2387859173785574 
1.2386560463342775 
1.2385272054815322 
1.2383993833629297 
1.2382725672877262 
1.238146743627623 
1.2380218980511697 
1.2378980157088764 
1.2377750813789348 
1.2376530795816005 
1.2375319946686962 
1.2374118108934318 
1.237292512464669 
1.2371740835889191 
1.2370565085026817 
1.2369397714971828 
1.2368238569371393 
1.236708749274842 
1.2365944330605578 
1.2364808929500586 
1.2363681137098994 
1.2362560802209357 
1.2361447774804744 
1.2360341906033578 
1.2359243048222208 
1.2358151054871085 
1.235706578064601 
1.2355987081365671 
1.2354914813986202 
1.2353848836583705 
1.23527890083351 
1.2351735189497812 
1.2350687241388614 
1.2349645026361946 
1.2348608407787802 
1.2347577250029458 
1.2346551418421061 
1.2345530779245295 
1.234451519971105 
1.2343504547931277 
1.2342498692900996 
1.2341497504475534 
1.234050085334893 
1.2339508611032675 
1.2338520649834621 
1.2337536842838213 
1.2336557063881946 
1.2335581187539109 
1.233460908909781 
1.2333640644541224 
1.233267573052816 
1.2331714224373829 
1.2330756004030914 
1.2329800948070861 
1.2328848935665442 
1.2327899846568544 
1.2326953561098186 
1.2326009960118771 
1.2325068925023595 
1.2324130337717525 
1.2323194080599928 
1.2322260036547796 
1.2321328088899077 
1.2320398121436207 
1.231947001836983 
1.2318543664322714 
1.2317618944313862 
1.2316695743742772 
1.2315773948373887 
1.2314853444321245 
1.2313934118033236 
1.2313015856277554 
1.2312098546126324 
1.231118207494134 
1.2310266330359467 
1.2309351200278216 
1.2308436572841392 
1.2307522336424959 
1.2306608379622963 
1.2305694591233645 
1.2304780860245634 
1.2303867075824273 
1.230295312729807 
1.2302038904145265 
1.230112429598048 
1.2300209192541525 
1.2299293483676248 
1.2298377059329533 
1.2297459809530358 
1.2296541624378983 
1.2295622394034205 
1.2294702008700693 
1.229378035861644 
1.229285733404025 
1.2291932825239358 
1.2291006722477071 
1.2290078916000526 
1.2289149296028499 
1.2288217752739266 
1.2287284176258568 
1.2286348456647607 
1.2285410483891106 
1.2284470147885438 
1.2283527338426803 
1.228258194519945 
1.2281633857763967 
1.2280682965545602 
1.227972915782264 
1.227877232371482 
1.227781235217178 
1.2276849131961574 
1.2275882551659187 
1.2274912499635113 
1.2273938864043954 
1.227296153281305 
1.227198039363113 
1.2270995333937016 
1.2270006240908324 
1.2269013001450193 
1.2268015502184055 
1.2267013629436399 
1.226600726922756 
1.2264996307260532 
1.2263980628909796 
1.2262960119210147 
1.2261934662845535 
1.2260904144137925 
1.2259868447036166 
1.2258827455104828 
1.225778105151313 
1.2256729119023735 
1.2255671539981705 
1.2254608196303332 
1.2253538969465012 
1.225246374049214 
1.2251382389947962 
1.2250294797922423 
1.2249200844021053 
1.2248100407353781 
1.22469933665238 
1.2245879599616363 
1.2244758984187636 
1.2243631397253443 
1.2242496715278115 
1.2241354814163208 
1.2240205569236282 
1.2239048855239645 
1.2237884546319044 
1.2236712516012391 
1.2235532637238413 
1.2234344782285325 
1.2233148822799458 
1.2231944629773874 
1.2230732073536916 
1.2229511023740818 
1.2228281349350194 
1.2227042918630566 
1.2225795599136822 
1.2224539257701685 
1.2223273760424105 
1.2221998972657664 
1.2220714758998925 
1.2219420983275753 
1.221811750853562 
1.221680419703383 
1.2215480910221785 
1.2214147508735143 
1.2212803852381984 
1.2211449800130927 
1.22100852100992 
1.2208709939540718 
1.2207323844834055 
1.220592678147043 
1.2204518604041639 
1.2203099166227946 
1.2201668320785939 
1.2200225919536352 
1.2198771813351814 
1.2197305852144624 
1.2195827884854409 
1.2194337759435805 
1.2192835322846052 
1.2191320421032574 
1.2189792898920506 
1.2188252600400196 
1.2186699368314633 
1.2185133044446856 
1.2183553469507333 
1.2181960483121261 
1.2180353923815865 
1.2178733629007619 
1.2177099434989445 
1.2175451176917864 
1.217378868880011 
1.2172111803481198 
1.2170420352630926 
1.2168714166730905 
1.2166993075061452 
1.216525690568851 
1.2163505485450505 
1.2161738639945159 
1.2159956193516253 
1.2158157969240384 
1.2156343788913624 
1.2154513473038198 
1.2152666840809072 
1.2150803710100537 
1.2148923897452724 
1.2147027218058102 
1.2145113485747925 
1.214318251297863 
1.214123411081824 
1.2139268088932653 
1.2137284255571967 
1.2135282417556712 
1.21332623802641 
1.2131223947614178 
1.2129166922055972 
1.2127091104553627 
1.2124996294572439 
1.2122882290064927 
1.2120748887456796 
1.211859588163295 
1.2116423065923394 
1.2114230232089134 
1.2112017170308056 
1.210978366916076 
1.2107529515616355 
1.2105254495018216 
1.2102958391069762 
1.2100640985820121 
1.2098302059649821 
1.2095941391256442 
1.2093558757640241 
1.2091153934089716 
1.208872669416719 
1.2086276809694319 
1.208380405073762 
1.2081308185593935 
1.207878898077588 
1.207624620099725 
1.2073679609158452 
1.207108896633185 
1.2068474031747107 
1.2065834562776518 
1.2063170314920284 
1.2060481041791804 
1.20577664951029 
1.2055026424649042 
1.2052260578294556 
1.2049468701957764 
1.204665053959617 
1.204380583319155 
1.204093432273507 
1.203803574621236 
1.203510983958856 
1.2032156336793345 
1.2029174969705936 
1.2026165468140095 
1.2023127559829037 
1.2020060970410407 
1.2016965423411157 
1.2013840640232454 
1.201068634013451 
1.2007502240221446 
1.2004288055426047 
1.2001043498494604 
1.1997768279971617 
1.1994462108184545 
1.199112468922851 
1.1987755726950933 
1.1984354922936222 
1.198092197649034 
1.1977456584625417 
1.1973958442044288 
1.1970427241125001 
1.1966862671905325 
1.1963264422067181 
1.1959632176921082 
1.1955965619390496 
1.1952264429996198 
1.1948528286840596 
1.1944756865591974 
1.1940949839468755 
1.1937106879223678 
1.1933227653127945 
1.1929311826955347 
1.1925359063966325 
1.1921369024891995 
1.191734136791811 
1.1913275748669028 
1.1909171820191558 
1.1905029232938833 
1.1900847634754061 
1.1896626670854311 
1.189236598381416 
1.1888065213549346 
1.1883723997300373 
1.1879341969616006 
1.1874918762336781 
1.1870454004578412 
1.186594732271519 
1.1861398340363258 
1.1856806678363916 
1.1852171954766804 
1.184749378481306 
1.1842771780918433 
1.1838005552656319 
1.1833194706740742 
1.1828338847009314 
1.182343757440613 
1.1818490486964583 
1.1813497179790167 
1.1808457245043225 
1.180337027192165 
1.1798235846643534 
1.1793053552429793 
1.1787822969486739 
1.1782543674988644 
1.1777215243060237 
1.1771837244759222 
1.1766409248058713 
1.1760930817829736 
1.175540151582362 
1.1749820900654482 
1.1744188527781643 
1.1738503949492074 
1.1732766714882885 
1.1726976369843771 
1.1721132457039583 
1.171523451589284 
1.1709282082566368 
1.1703274689945977 
1.1697211867623194 
1.1691093141878088 
1.1684918035662228 
1.1678686068581692 
1.1672396756880246 
1.1666049613422653 
1.1659644147678119 
1.1653179865703938 
1.1646656270129323 
1.1640072860139425 
1.1633429131459605 
1.1626724576339948 
1.1619958683540048 
1.161313093831409 
1.1606240822396234 
1.159928781398638 
1.1592271387736266 
1.1585191014735965 
1.1578046162500848 
1.1570836294958946 
1.1563560872438834 
1.155621935165803 
1.1548811185711925 
1.1541335824063352 
1.1533792712532696 
1.1526181293288744 
1.1518501004840194 
1.151075128202793 
1.150293155601803 
1.1495041254295666 
1.1487079800659856 
1.1479046615219093 
1.1470941114387974 
1.1462762710884875 
1.145451081373063 
1.144618482824837 
1.1437784156064532 
1.1429308195111088 
1.1420756339629057 
1.14121279801734 
1.1403422503619276 
1.139463929316979 
1.1385777728365274 
1.1376837185094177 
1.13678170356056 
1.1358716648523586 
1.1349535388863194 
1.1340272618048481 
1.1330927693932418 
1.1321499970818825 
1.1311988799486414 
1.1302393527215036 
1.1292713497814146 
1.1282948051653654 
1.1273096525697153 
1.1263158253537713 
1.125313256543619 
1.1243018788362311 
1.123281624603842 
1.1222524258986166 
1.1212142144576085 
1.120166921708024 
1.119110478772797 
1.118044816476489 
1.1169698653515159 
1.11588555564472 
1.114791817324289 
1.1136885800870362 
1.1125757733660517 
1.1114533263387285 
1.1103211679351808 
1.1091792268470584 
1.1080274315367722 
1.1068657102471322 
1.1056939910114187 
1.1045122016638866 
1.1033202698507156 
1.1021181230414194 
1.1009056885407185 
1.0996828935008875 
1.098449664934586 
1.0972059297281844 
1.0959516146555879 
1.0946866463925753 
1.093410951531655 
1.0921244565974484 
1.0908270880626065 
1.0895187723642774 
1.0881994359211178 
1.086869005150865 
1.0855274064884788 
1.0841745664048494 
1.0828104114260892 
1.0814348681534047 
1.0800478632835655 
1.0786493236299612 
1.0772391761442628 
1.0758173479386899 
1.0743837663088827 
1.0729383587573864 
1.071481053017751 
1.0700117770792472 
1.068530459212197 
1.067037027993928 
1.0655314123353414 
1.0640135415081011 
1.0624833451724367 
1.0609407534055673 
1.0593856967307311 
1.0578181061468261 
1.0562379131586561 
1.054645049807775 
1.0530394487039239 
1.0514210430570539 
1.0497897667099272 
1.0481455541712892 
1.046488340649597 
1.0448180620872975 
1.043134655195645 
1.0414380574900362 
1.0397282073258634 
1.0380050439348558 
1.0362685074619027 
1.0345185390023373 
1.0327550806396644 
1.0309780754837123 
1.029187467709186 
1.027383202594603 
1.0255652265615884 
1.0237334872145036 
1.0218879333803834 
1.0200285151491575 
1.0181551839141267 
1.016267892412666 
1.014366594767123 
1.0124512465258855 
1.010521804704578 
1.0085782278273645 
1.0066204759683124 
1.0046485107927912 
1.0026622955988644 
1.0006617953586385 
0.9986469767595321 
0.9966178082454262 
0.9945742600576513 
0.9925163042757761 
0.9904439148581539 
0.9883570676821816 
0.9862557405842349 
0.9841399133992275 
0.982009567999758 
0.9798646883347939 
0.9777052604678534 
0.9755312726146305 
0.9733427151800311 
0.9711395807945622 
0.9689218643500327 
0.9666895630345216 
0.9644426763665687 
0.9621812062285353 
0.9599051568990977 
0.9576145350848255 
0.9553093499507983 
0.9529896131502211 
0.9506553388529927 
0.9483065437731855 
0.9459432471953952 
0.9435654709999234 
0.9411732396867463 
0.9387665803982437 
0.9363455229406373 
0.9339100998041188 
0.9314603461816229 
0.9289962999862165 
0.9265180018670814 
0.9240254952240504 
0.9215188262206822 
0.918998043795846 
0.9164631996737953 
0.9139143483727091 
0.9113515472116922 
0.9087748563162112 
0.9061843386219575 
0.9035800598771304 
0.9009620886431349 
0.8983304962936829 
0.8956853570123071 
0.8930267477882827 
0.8903547484109645 
0.8876694414625481 
0.8849709123092634 
0.8822592490910157 
0.8795345427094923 
0.8767968868147493 
0.8740463777903092 
0.871283114736787 
0.8685071994540756 
0.8657187364221219 
0.8629178327803302 
0.8601045983056208 
0.8572791453891913 
0.8544415890120197 
0.8515920467191471 
0.8487306385927951 
0.8458574872243607 
0.8429727176853372 
0.8400764574972206 
0.8371688366004431 
0.8342499873224025 
0.831320044344634 
0.8283791446691868 
0.825427427584263 
0.82246503462918 
0.8194921095587118 
0.8165087983068797 
0.8135152489502429 
0.8105116116707556 
0.8074980387182515 
0.8044746843726159 
0.8014417049057001 
0.7983992585430502 
0.7953475054254915 
0.7922866075706385 
0.7892167288343813 
0.7861380348724001 
0.7830506931017625 
0.7799548726626544 
0.7768507443802873 
0.7737384807270327 
0.7706182557848222 
0.7674902452078569 
0.7643546261856553 
0.7612115774064869 
0.7580612790212069 
0.7549039126075276 
0.7517396611347538 
0.7485687089289889 
0.7453912416388462 
0.7422074462016608 
0.7390175108102226 
0.7358216248800329 
0.7326199790170848 
0.7294127649861599 
0.7262001756796506 
0.7229824050868771 
0.7197596482639017 
0.716532101303815 
0.713299961307472 
0.7100634263546585 
0.7068226954756527 
0.7035779686231574 
0.700329446644558 
0.6970773312544815 
0.6938218250076008 
0.6905631312716526 
0.6873014542006164 
0.6840369987080056 
0.6807699704402244 
0.6775005757499326 
0.6742290216693686 
0.6709555158835717 
0.6676802667034458 
0.6644034830386139 
0.6611253743699936 
0.6578461507220448 
0.6545660226346266 
0.6512852011344037 
0.6480038977057461 
0.6447223242610617 
0.6414406931105132 
0.6381592169310514 
0.6348781087347213 
0.6315975818361876 
0.6283178498194267 
0.6250391265035407 
0.621761625907645 
0.618485562214796 
0.6152111497349081 
0.6119386028666352 
0.6086681360581789 
0.6053999637669953 
0.6021343004183781 
0.5988713603628968 
0.5956113578326725 
0.5923545068964784 
0.5891010214136605 
0.5858511149868744 
0.5826050009136359 
0.5793628921366948 
0.5761250011932446 
0.5728915401629758 
0.5696627206150016 
0.5664387535536739 
0.5632198493633249 
0.5600062177519591 
0.5567980676939468 
0.5535956073717486 
0.5503990441167277 
0.5472085843490988 
0.5440244335170638 
0.5408467960352024 
0.5376758752221721 
0.534511873237793 
0.531354991019575 
0.5282054282187756 
0.5250633831360512 
0.5219290526567877 
0.5188026321861898 
0.5156843155842119 
0.5125742951004162 
0.5094727613088444 
0.5063799030429932 
0.5032959073309815 
0.5002209593310001 
0.49715524226713464 
0.4940989373656548 
0.49105222379185887 
0.48801527858756666 
0.48498827660935295 
0.48197139046760545 
0.4789647904665045 
0.4759686445450059 
0.47298311821891637 
0.47000837452414634 
0.4670445739612186 
0.46409187444111966 
0.46115043123256616 
0.4582203969107631 
0.45530192130773095 
0.45239515146426124 
0.4495002315835792 
0.4466173029867662 
0.4437465040700074 
0.4408879702637196 
0.4380418339936093 
0.435208224643716 
0.43238726852147435 
0.4295790888248491 
0.42678380561156876 
0.4240015357704981 
0.4212323929951736 
0.4184764877595287 
0.41573392729582836 
0.4130048155748315 
0.4102892532881912 
0.40758733783309886 
0.4048991632991856 
0.4022248204576707 
0.3995643967527586 
0.39691797629528003 
0.3942856398585589 
0.3916674648764983 
0.38906352544386036 
0.3864738923187255 
0.3838986329270998 
0.3813378113696464 
0.3787914884305088 
0.3762597215881942 
0.37374256502847303 
0.37124006965926787 
0.3687522831274766 
0.3662792498376961 
0.36382101097279285 
0.361377604516278 
0.3589490652764328 
0.35653542491213275 
0.35413671196032187 
0.35175295186507405 
0.34938416700819125 
0.3470303767412828 
0.34469159741925937 
0.342367842435194 
0.34005912225647883 
0.337765444462227 
0.3354868137818531 
0.3332232321347741 
0.33097469867116913 
0.3287412098137358 
0.3265227593003844 
0.32431933822780734 
0.32213093509586566 
0.31995753585272907 
0.31779912394071413 
0.3156556803427606 
0.31352718362948295 
0.3114136100067517 
0.3093149333637333 
0.3072311253213455 
0.30516215528106616 
0.30310799047404613 
0.3010685960104744 
0.29904393492913983 
0.2970339682471456 
0.29503865500972554 
0.2930579523401138 
0.29109181548942475 
0.2891401978864993 
0.28720305118766964 
0.28528032532640757 
0.2833719685628138 
0.28147792753290746 
0.2795981472976842 
0.27773257139189944 
0.27588114187255336 
0.2740437993670348 
0.2722204831209001 
0.2704111310452538 
0.2686156797637045 
0.26683406465886983 
0.2650662199184029 
0.2633120785805202 
0.2615715725790051 
0.2598446327876677 
0.25813118906424365 
0.25643117029370693 
0.25474450443098806 
0.2530711185430765 
0.25141093885049476 
0.24976389076812983 
0.24812989894541296 
0.2465088873058323 
0.2449007790857734 
0.24330549687267553 
0.24172296264249782 
0.2401530977964897 
0.23859582319725556 
0.23705105920411756 
0.23551872570776117 
0.2339987421641736 
0.23249102762786183 
0.23099550078435793 
0.22951207998200351 
0.22804068326302177 
0.22658122839387218 
0.22513363289489063 
0.22369781406922154 
0.22227368903103906 
0.2208611747330666 
0.21946018799339467 
0.21807064552160368 
0.21669246394419817 
0.21532555982935508 
0.2139698497109946 
0.21262525011218028 
0.21129167756785378 
0.2099690486469118 
0.20865727997363562 
0.20735628824847532 
0.2060659902682058 
0.20478630294545191 
0.2035171433276025 
0.20225842861511412 
0.2010100761792178 
0.1997720035790364 
0.19854412857812465 
0.1973263691604349 
0.19611864354572878 
0.19492087020443363 
0.19373296787196204 
0.19255485556249846 
0.19138645258226814 
0.19022767854229405 
0.1890784533706542 
0.18793869732424845 
0.18680833100008776 
0.18568727534611043 
0.18457545167154096 
0.18347278165679926 
0.18237918736296793 
0.1812945912408343 
0.1802189161395084 
0.17915208531463334 
0.17809402243619624 
0.1770446515959469 
0.176003897314437 
0.17497168454768774 
0.17394793869349634 
0.17293258559738897 
0.17192555155823042 
0.170926763333501 
0.1699361481442468 
0.1689536336797137 
0.1679791481016751 
0.16701262004845843 
0.16605397863868293 
0.16510315347471388 
0.16416007464584448 
0.1632246727312101 
0.16229687880244487 
0.16137662442608827 
0.16046384166575 
0.15955846308403804 
0.15866042174425998 
0.15776965121190398 
0.15688608555590627 
0.15600965934971137 
0.15514030767213363 
0.15427796610802638 
0.1534225707487621 
0.15257405819253483 
0.1517323655444884 
0.15089743041667608 
0.15006919092785861 
0.1492475857031472 
0.14843255387349463 
0.14762403507504368 
0.14682196944833506 
0.1460262976373802 
0.14523696078860798 
0.14445390054968568 
0.14367705906822145 
0.14290637899035272 
0.14214180345922595 
0.14138327611336987 
0.14063074108497026 
0.13988414299804605 
0.13914342696653667 
0.13840853859229807 
0.13767942396301802 
0.13695602965004822 
0.13623830270616272 
0.13552619066324217 
0.13481964152988915 
0.1341186037889785 
0.13342302639514375 
0.13273285877220609 
0.13204805081054594 
0.13136855286442206 
0.13069431574924167 
0.13002529073878138 
0.12936142956236513 
0.12870268440200014 
0.12804900788947332 
0.1274003531034123 
0.12675667356631115 
0.126117923241524 
0.12548405653023081 
0.12485502826837469 
0.12423079372357423 
0.12361130859201247 
0.12299652899530625 
0.12238641147735413 
0.12178091300116861 
0.12117999094569318 
0.12058360310260431 
0.11999170767310165 
0.11940426326468838 
0.11882122888794291 
0.11824256395328224 
0.11766822826771867 
0.11709818203161439 
0.11653238583543102 
0.1159708006564771 
0.1154133878556556 
0.11486010917421152 
0.11431092673048135 
0.11376580301664466 
0.1132247008954805 
0.11268758359712713 
0.11215441471584871 
0.11162515820680816 
0.11109977838284749 
0.11057823991127635 
0.11006050781067109 
0.10954654744768112 
0.1090363245338498 
0.10852980512244273 
0.10802695560529096 
0.10752774270964631 
0.10703213349504914 
0.10654009535021161 
0.10605159598991432 
0.10556660345191779 
0.1050850860938909 
0.1046070125903542 
0.10413235192963977 
0.10366107341086836 
0.1031931466409439 
0.10272854153156574 
0.10226722829625737 
0.10180917744741635 
0.10135435979338121 
0.10090274643551664 
0.10045430876531963 
0.10000901846154493 
0.0995668474873479 
0.0991277680874515 
0.09869175278532971 
0.09825877438041297 
0.0978288059453145 
0.097401820823077 
0.09697779262443881 
0.09655669522512428 
0.09613850276315168 
0.09572318963616505 
0.09531073049878575 
0.09490110025998631 
0.09449427408048527 
0.09409022737016318 
0.09368893578550196 
0.09329037522704321 
0.09289452183687065 
0.09250135199611216 
0.09211084232246533 
0.09172296966774282 
0.09133771111544173 
0.09095504397833168 
0.09057494579606706 
0.09019739433282022 
0.0898223675749345 
0.08944984372860122 
0.08907980121755738 
0.0887122186808035 
0.08834707497034422 
0.08798434914894974 
0.08762402048793827 
0.08726606846498047 
0.0869104727619232 
0.08655721326263582 
0.08620627005087667 
0.08585762340818133 
0.08551125381176863 
0.08516714193247144 
0.08482526863268436 
0.08448561496433404 
0.08414816216686795 
0.08381289166526473 
0.08347978506806392 
0.08314882416541539 
0.08281999092714883 
0.08249326750086278 
0.08216863621003345 
0.08184607955214168 
0.0815255801968214 
0.08120712098402472 
0.08089068492220755 
0.08057625518653365 
0.08026381511709724 
0.07995334821716417 
0.07964483815143175 
0.07933826874430625 
0.07903362397819935 
0.07873088799184205 
0.07843004507861621 
0.07813107968490421 
0.07783397640845635 
0.07753871999677422 
0.077245295345514 
0.0769536874969036 
0.07666388163817925 
0.07637586310003774 
0.07608961735510586 
0.07580513001642566 
0.07552238683595672 
0.07524137370309407 
0.07496207664320305 
0.07468448181616882 
0.07440857551496274 
0.07413434416422343 
0.07386177431885445 
0.07359085266263606 
0.07332156600685309 
0.07305390128893748 
0.07278784557112511 
0.07252338603912889 
0.07226051000082438 
0.07199920488495218 
0.07173945823983244 
0.07148125773209509 
0.0712245911454232 
0.07096944637931059 
0.07071581144783301 
0.07046367447843335 
0.07021302371071964 
0.06996384749527687 
0.0697161342924916 
0.06946987267139018 
0.06922505130848927 
0.06898165898665948 
0.06873968459400168 
0.06849911712273532 
0.06825994566810029 
0.06802215942726914 
0.06778574769827368 
0.06755069987894147 
0.06731700546584579 
0.06708465405326618 
0.06685363533216124 
0.06662393908915278 
0.06639555520552122 
0.066168473656212 
0.06594268450885402 
0.06571817792278739 
0.06549494414810435 
0.06527297352469835 
0.06505225648132597 
0.06483278353467807 
0.06461454528846168 
0.06439753243249233 
0.06418173574179613 
0.06396714607572279 
0.063753754377067 
0.06354155167120161 
0.06333052906521894 
0.06312067774708222 
0.06291198898478705 
0.06270445412553137 
0.06249806459489529 
0.06229281189603009 
0.0620886876088561 
0.061885683389269495 
0.061683790968358396 
0.06148300215162688 
0.06128330881822905 
0.06108470292021036 
0.06088717648175781 
0.06069072159845919 
0.06049533043656958 
0.06030099523228661 
0.060107708291034026 
0.059915461986752655 
0.059724248761199576 
0.05953406112325553 
0.059344891648239285 
0.05915673297723043 
0.05896957781639863 
0.05878341893634187 
0.0585982491714305 
0.05841406141916037 
0.058230848639510745 
0.05804860385431222 
0.05786732014661888 
0.05768699066008981 
0.05750760859837617 
0.05732916722451462 
0.057151659860329454 
0.05697507988583895 
0.05679942073867035 
0.05662467591348016 
0.05645083896138085 
0.056277903489374545 
0.05610586315979296 
0.055934711689742525 
0.05576444285055701 
0.05559505046725496 
0.05542652841800447 
0.05525887063359218 
0.05509207109689986 
0.05492612384238566 
0.054761022955571184 
0.05459676257253449 
0.05443333687940883 
0.05427074011188658 
0.0541089665547282 
0.053948010541277916 
0.053787866452983335 
0.053628528718920834 
0.05346999181532641 
0.053312250265131526 
0.05315529863750354 
0.05299913154739222 
0.052843743655080044 
0.052689129665737945 
0.05253528432898639 
0.05238220243846027 
0.052229878831379375 
0.052078308388122746 
0.051927486031808495 
0.05177740672787777 
0.05162806548368312 
0.05147945734808146 
0.051331577411031316 
0.05118442080319532 
0.05103798269554539 
0.05089225829897358 
0.05074724286390629 
0.05060293167992357 
0.05045932007538119 
0.050316403417037886 
0.05017417710968651 
0.050032636595788514 
0.049891777355112965 
0.04975159490437927 
0.049612084796903606 
0.04947324262224924 
0.04933506400588069 
0.04919754460882177 
0.04906068012731623 
0.04892446629249347 
0.04878889887003746 
0.04865397365985802 
0.04851968649576711 
0.048386033245157826 
0.04825300980868696 
0.04812061211996099 
0.047988836145225124 
0.04785767788305586 
0.047727133364057234 
0.047597198650559426 
0.04746786983632091 
0.047339143046234364 
0.04721101443603467 
0.04708348019201059 
0.04695653653071965 
0.04683017969870515 
0.04670440597221749 
0.04657921165693721 
0.04645459308770154 
0.04633054662823364 
0.046207068670874936 
0.04608415563632018 
0.04596180397335438 
0.04584001015859415 
0.04571877069623076 
0.04559808211777558 
0.04547794098180867 
0.045358343873730195 
0.045239287405514 
0.045120768215463944 
0.04500278296797229 
0.04488532835328172 
0.0447684010872486 
0.044651997911109124 
0.0445361155912487 
0.04442075091897188 
0.04430590071027683 
0.04419156180563023 
0.0440777310697458 
0.04396440539136458 
0.04385158168303734 
0.04373925688090946 
0.043627427944508024 
0.0435160918565311 
0.04340524562263869 
0.043294886271246946 
0.04318501085332302 
0.04307561644218323 
0.042966700133292804 
0.04285825904406748 
0.04275029031367747 
0.04264279110285318 
0.04253575859369288 
0.042429189989473017 
0.042323082514458904 
0.04221743341371919 
0.04211223995294079 
0.04200749941824633 
0.0419032091160133 
0.041799366372695164 
0.04169596853464404 
0.04159301296793505 
0.04149049705819292 
0.04138841821042006 
0.04128677384882612 
0.04118556141665994 
0.04108477837604206 
0.04098442220779998 
0.040884490411304944 
0.040784980504309475 
0.040685890022787205 
0.040587216520774905 
0.040488957570214285 
0.040391110760797405 
0.040293673699812266 
0.040196644011990496 
0.04010001933935612 
0.04000379734107652 
0.039907975693314 
0.03981255208907974 
0.03971752423808836 
0.03962288986661442 
0.03952864671734997 
0.03943479254926406 
0.03934132513746316 
0.03924824227305278 
0.039155541763001095 
0.03906322143000332 
0.03897127911234789 
0.03887971266378314 
0.03878851995338649 
0.03869769886543378 
0.03860724729927051 
0.03851716316918434 
0.038427444404278116 
0.03833808894834514 
0.03824909475974509 
0.038160459811280946 
0.03807218209007769 
0.03798425959746167 
0.03789669034884145 
0.037809472373589434 
0.03772260371492524 
0.037636082429799475 
0.03754990658877909 
0.0374640742759337 
0.037378583588723396 
0.0372934326378863 
0.0372086195473291 
0.037124142454017475 
0.03703999950786711 
0.036956188871637125 
0.03687270872082353 
0.03678955724355395 
0.036706732640483145 
0.036624233124690306 
0.036542056921576076 
0.03646020226876147 
0.036378667415987664 
0.03629745062501646 
0.036216550169531736 
0.036135964335041515 
0.03605569141878222 
0.03597572972962204 
0.03589607758796666 
0.0358167333256648 
0.03573769528591573 
0.035658961823176405 
0.03558053130307086 
0.03550240210229909 
0.035424572608547464 
0.035347041220400485 
0.03526980634725221 
0.03519286640921904 
0.03511621983705409 
0.03503986507206061 
0.034963800566008105 
0.03488802478104769 
0.034812536189629525 
0.03473733327441964 
0.03466241452821888 
0.03458777845388176 
0.03451342356423603 
0.034439348382003694 
0.03436555143972181 
0.034292031279665125 
0.034218786453767996 
0.03414581552354845 
0.03407311706003201 
0.034000689643676585 
0.03392853186429815 
0.03385664232099647 
0.033785019622082475 
0.033713662385005366 
0.033642569236280985 
0.03357173881142077 
0.03350116975486099 
0.033430860719892756 
0.03336081036859337 
0.03329101737175681 
0.03322148040882653 
0.033152198167827523 
0.03308316934529964 
0.03301439264623164 
0.032945866783995165 
0.03287759048028023 
0.032809562465030244 
0.03274178147637868 
0.03267424626058535 
0.03260695557197401 
0.032539908172869905 
0.03247310283353853 
0.03240653833212423 
0.032340213454589664 
0.032274126994656385 
0.0322082777537446 
0.032142664540914724 
0.03207728617280897 
0.032012141473593256 
0.03194722927490007 
0.03188254841577139 
0.03181809774260244 
0.03175387610908576 
0.031689882376155935 
0.031626115411934545 
0.031562574091675746 
0.031499257297712635 
0.03143616391940335 
0.031373292853078376 
0.03131064300198775 
0.031248213276249447 
0.03118600259279731 
0.031124009875329955 
0.03106223405426019 
0.03100067406666449 
0.0309393288562336 
0.03087819737322257 
0.030817278574402057 
0.03075657142300959 
0.030696074888701755 
0.030635787947506023 
0.030575709581773802 
0.03051583878013321 
0.030456174537442607 
0.030396715854744873 
0.030337461739221104 
0.030278411204145577 
0.030219563268840906 
0.03016091695863342 
0.03010247130480871 
0.030044225344568104 
0.029986178120985404 
0.029928328682963357 
0.02987067608519138 
0.029813219388102972 
0.029755957657833905 
0.029698889966180496 
0.029642015390558406 
0.02958533301396173 
0.029528841924922392 
0.029472541217469887 
0.02941642999109153 
0.02936050735069269 
0.02930477240655787 
0.029249224274311564 
0.02919386207487977 
0.029138684934451667 
0.02908369198444187 
0.029028882361452655 
0.028974255207236843 
0.028919809668660718 
0.02886554489766733 
0.028811460051240006 
0.02875755429136686 
0.02870382678500405 
0.028650276704041317 
0.028596903225266236 
0.028543705530329356 
0.028490682805709752 
0.028437834242680822 
0.028385159037276075 
0.028332656390255215 
0.02828032550707115 
0.02822816559783635 
0.028176175877290346 
0.028124355564766508 
0.028072703884160374 
0.02802122006389693 
0.02796990333689916 
0.027918752940556027 
0.027867768116691637 
0.027816948111533853 
0.027766292175683598 
0.02771579956408402 
0.027665469535990545 
0.027615301354940572 
0.027565294288723646 
0.027515447609351755 
0.027465760593030488 
0.027416232520129126 
0.027366862675152464 
0.02731765034671163 
0.027268594827496034 
0.027219695414245015 
0.027170951407719895 
0.027122362112676324 
0.027073926837836527 
0.027025644895862205 
0.02697751560332754 
0.026929538280692174 
0.02688171225227435 
0.02683403684622496 
0.02678651139450111 
0.026739135232839967 
0.02669190770073295 
0.026644828141400526 
0.026597895901766228 
0.02655111033243199 
0.026504470787652584 
0.026457976625311456 
0.026411627206895626 
0.026365421897471458 
0.026319360065660463 
0.02627344108361529 
0.02622766432699564 
0.02618202917494507 
0.02613653501006704 
0.026091181218401923 
0.026045967189403878 
0.026000892315917956 
0.02595595599415701 
0.02591115762367971 
0.02586649660736775 
0.025821972351403787 
0.025777584265249166 
0.025733331761622527 
0.02568921425647759 
0.025645231168981982 
0.025601381921495782 
0.025557665939550316 
0.02551408265182696 
0.02547063149013646 
0.025427311889398164 
0.025384123287619676 
0.0253410651258759 
0.025298136848289618 
0.02525533790201052 
0.02521266773719608 
0.025170125806991225 
0.025127711567509012 
0.025085424477811015 
0.02504326399988816 
0.02500122959864135 
0.024959320741862454 
0.02491753690021563 
0.02487587754721845 
0.024834342159223293 
0.024792930215398863 
0.02475164119771201 
0.02471047459090929 
0.024669429882499306 
0.024628506562734468 
0.02458770412459344 
0.02454702206376336 
0.02450645987862244 
0.024466017070222487 
0.0244256931422719 
0.024385487601118288 
0.02434539995573154 
0.024305429717687253 
0.024265576401149666 
0.024225839522855105 
0.02418621860209586 
0.024146713160703243 
0.024107322723031926 
0.024068046815943465 
0.024028884968790513 
0.02398983671340078 
0.023950901584061372 
0.023912079117503184 
0.023873368852885476 
0.023834770331780053 
0.023796283098156595 
0.023757906698366884 
0.023719640681130093 
0.023681484597517878 
0.02364343800093915 
0.023605500447125734 
0.023567671494117676 
0.023529950702248476 
0.023492337634130944 
0.02345483185464283 
0.02341743293091248 
0.023380140432304956 
0.02334295393040797 
0.023305872999017735 
0.023268897214125662 
0.02323202615390424 
0.02319525939869382 
0.023158596530988618 
0.023122037135423767 
0.023085580798762016 
0.023049227109880208 
0.023012975659756383 
0.02297682604145674 
0.022940777850122836 
0.022904830682958607 
0.022868984139217632 
0.02283323782019048 
0.02279759132919247 
0.022762044271550798 
0.02272659625459244 
0.022691246887631734 
0.02265599578195822 
0.022620842550824735 
0.02258578680943497 
0.02255082817493209 
0.022515966266386314 
0.022481200704783603 
0.022446531113013875 
0.022411957115859152 
0.022377478339982337 
0.02234309441391589 
0.022308804968050044 
0.02227460963462201 
0.022240508047704242 
0.022206499843194078 
0.022172584658801946 
0.022138762134041083 
0.02210503191021596 
0.02207139363041214 
0.02203784693948521 
0.022004391484050187 
0.02197102691247101 
0.021937752874849933 
0.02190456902301719 
0.021871475010520704 
0.02183847049261565 
0.02180555512625431 
0.021772728570076044 
0.02173999048439714 
0.021707340531200756 
0.02167477837412709 
0.021642303678463613 
0.021609916111135066 
0.021577615340693808 
0.02154540103731028 
0.021513272872763476 
0.02148123052043105 
0.021449273655280245 
0.021417401953858432 
0.02138561509428368 
0.021353912756235525 
0.021322294620945932 
0.021290760371189925 
0.02125930969127665 
0.021227942267040514 
0.021196657785831824 
0.021165455936508447 
0.021134336409426496 
0.021103298896432022 
0.02107234309085186 
0.02104146868748538 
0.021010675382595663 
0.020979962873901054 
0.020949330860566752 
0.0209187790431963 
0.020888307123823256 
0.020857914805903054 
0.020827601794304602 
0.020797367795302033 
0.02076721251656688 
0.02073713566715965 
0.020707136957522063 
0.02067721609946899 
0.02064737280618062 
0.02061760679219441 
0.02058791777339757 
0.020558305467018954 
0.020528769591621886 
0.020499309867095934 
0.020469926014649698 
0.02044061775680312 
0.020411384817380057 
0.020382226921500754 
0.020353143795574596 
0.020324135167292673 
0.020295200765620268 
0.020266340320790187 
0.02023755356429494 
0.020208840228879955 
0.020180200048536334 
0.020151632758493916 
0.02012313809521405 
0.020094715796383035 
0.0200663656009048 
0.02003808724889406 
0.020009880481669802 
0.019981745041748284 
0.01995368067283638 
0.01992568711982476 
0.019897764128781255 
0.01986991144694451 
0.019842128822717266 
0.019814416005659582 
0.019786772746482946 
0.019759198797043173 
0.019731693910334525 
0.01970425784048327 
0.019676890342741102 
0.019649591173479135 
0.019622360090181725 
0.019595196851440053 
0.01956810121694616 
0.01954107294748676 
0.01951411180493722 
0.019487217552255617 
0.019460389953476577 
0.01943362877370534 
0.019406933779112102 
0.019380304736925855 
0.01935374141542873 
0.019327243583950098 
0.0193008110128609 
0.01927444347356792 
0.01924814073850807 
0.019221902581142643 
0.019195728775951937 
0.01916961909842956 
0.01914357332507684 
0.019117591233397416 
0.019091672601891596 
0.0190658172100512 
0.01904002483835405 
0.019014295268258423 
0.018988628282198078 
0.018963023663576585 
0.018937481196762335 
0.018912000667083137 
0.018886581860821254 
0.018861224565208053 
0.018835928568418713 
0.01881069365956764 
0.018785519628702962 
0.018760406266801522 
0.0187353533657643 
0.018710360718410823 
0.018685428118474567 
0.01866055536059838 
0.01863574224032881 
0.018610988554111925 
0.018586294099288348 
0.018561658674088193 
0.01853708207762674 
0.018512564109899328 
0.01848810457177699 
0.01846370326500147 
0.01843935999218089 
0.01841507455678489 
0.018390846763140227 
0.01836667641642602 
0.018342563322669682 
0.018318507288741757 
0.01829450812235206 
0.01827056563204486 
0.018246679627194687 
0.018222849918001813 
0.018199076315487932 
0.018175358631491965 
0.018151696678665473 
0.01812809027046875 
0.018104539221166206 
0.018081043345822407 
0.018057602460297854 
0.018034216381244552 
0.01801088492610222 
0.01798760791309407 
0.017964385161222368 
0.017941216490265102 
0.017918101720771018 
0.01789504067405643 
0.01787203317220072 
0.017849079038042517 
0.01782617809517581 
0.01780333016794595 
0.017780535081445704 
0.017757792661511576 
0.017735102734719777 
0.01771246512838233 
0.01768987967054359 
0.017667346189976146 
0.017644864516177174 
0.017622434479364797 
0.017600055910474213 
0.01757772864115406 
0.01755545250376274 
0.01753322733136487 
0.017511052957727688 
0.01748892921731706 
0.017466855945294443 
0.017444832977512946 
0.017422860150514002 
0.01740093730152368 
0.017379064268449346 
0.017357240889876092 
0.017335467005063408 
0.017313742453941485 
0.01729206707710817 
0.01727044071582526 
0.017248863212015242 
0.017227334408257994 
0.01720585414778742 
0.01718442227448817 
0.01716303863289221 
0.01714170306817577 
0.017120415426155763 
0.017099175553287015 
0.01707798329665871 
0.01705683850399123 
0.017035741023632946 
0.01701469070455743 
0.016993687396359765 
0.016972730949253792 
0.016951821214068963 
0.016930958042247084 
0.016910141285839467 
0.016889370797503724 
0.016868646430500935 
0.016847968038692242 
0.016827335476536316 
0.01680674859908622 
0.016786207261986194 
0.01676571132146915 
0.016745260634353297 
0.016724855058039733 
0.016704494450509096 
0.016684178670318853 
0.016663907576600693 
0.016643681029057174 
0.016623498887959443 
0.01660336101414401 
0.01658326726901021 
0.01656321751451721 
0.016543211613181598 
0.016523249428074222 
0.016503330822817814 
0.01648345566158404 
0.016463623809090857 
0.01644383513059999 
0.016424089491914096 
0.016404386759374157 
0.016384726799856787 
0.016365109480771932 
0.016345534670059697 
0.01632600223618824 
0.01630651204815106 
0.01628706397546444 
0.016267657888164748 
0.016248293656806162 
0.01622897115245788 
0.01620969024670198 
0.01619045081163059 
0.01617125271984355 
0.01615209584444599 
0.016132980059045742 
0.01611390523775124 
0.016094871255168723 
0.016075877986399922 
0.016056925307039904 
0.016038013093174396 
0.01601914122137772 
0.016000309568710055 
0.015981518012715544 
0.015962766431419664 
0.01594405470332693 
0.0159253827074188 
0.01590675032315117 
0.015888157430452306 
0.015869603909720385 
0.015851089641821473 
0.015832614508086984 
0.01581417839031187 
0.015795781170751866 
0.015777422732122043 
0.015759102957593803 
0.015740821730793407 
0.015722578935799293 
0.015704374457140294 
0.01568620817979325 
0.015668079989181065 
0.015649989771170568 
0.015631937412070265 
0.015613922798628485 
0.015595945818031066 
0.015578006357899476 
0.015560104306288663 
0.015542239551685074 
0.015524411983004555 
0.015506621489590363 
0.015488867961211246 
0.015471151288059285 
0.015453471360747985 
0.015435828070310381 
0.015418221308196898 
0.01540065096627364 
0.015383116936820188 
0.015365619112527764 
0.01534815738649746 
0.01533073165223816 
0.015313341803664643 
0.015295987735095745 
0.015278669341252467 
0.015261386517256193 
0.015244139158626605 
0.015226927161280119 
0.015209750421527814 
0.01519260883607374 
0.01517550230201298 
0.015158430716830044 
0.015141393978396832 
0.01512439198497105 
0.015107424635194298 
0.01509049182809034 
0.015073593463063282 
0.01505672943989599 
0.015039899658748239 
0.015023104020154903 
0.015006342425024449 
0.014989614774636935 
0.014972920970642635 
0.014956260915060004 
0.014939634510274318 
0.014923041659035765 
0.014906482264457932 
0.014889956230015986 
0.014873463459545112 
0.014857003857238949 
0.014840577327647809 
0.014824183775677246 
0.014807823106586212 
0.014791495225985586 
0.014775200039836607 
0.014758937454449103 
0.014742707376480275 
0.01472650971293274 
0.014710344371153058 
0.014694211258830452 
0.014678110283994909 
0.01466204135501572 
0.014646004380600224 
0.014629999269791914 
0.014614025931969088 
0.014598084276843483 
0.01458217421445853 
0.014566295655187977 
0.01455044850973437 
0.014534632689127688 
0.014518848104723835 
0.014503094668202973 
0.0144873722915684 
0.014471680887144891 
0.014456020367577375 
0.014440390645829332 
0.01442479163518166 
0.014409223249231053 
0.014393685401888498 
0.01437817800737817 
0.014362700980235807 
0.014347254235307527 
0.014331837687748195 
0.014316451253020288 
0.014301094846892366 
0.014285768385437875 
0.014270471785033587 
0.014255204962358515 
0.014239967834392374 
0.014224760318414376 
0.01420958233200183 
0.014194433793028864 
0.01417931461966507 
0.014164224730374375 
0.014149164043913547 
0.014134132479330937 
0.014119129955965343 
0.014104156393444651 
0.014089211711684372 
0.014074295830886811 
0.01405940867153952 
0.014044550154413896 
0.014029720200564443 
0.014014918731327068 
0.01400014566831811 
0.013985400933432883 
0.013970684448844863 
0.013955996137004028 
0.013941335920635999 
0.013926703722740554 
0.013912099466590735 
0.01389752307573135 
0.01388297447397819 
0.013868453585416484 
0.013853960334399805 
0.013839494645549155 
0.013825056443751482 
0.013810645654158847 
0.013796262202186948 
0.013781906013514238 
0.013767577014080755 
0.013753275130086914 
0.013739000287992374 
0.013724752414515054 
0.013710531436629876 
0.013696337281567848 
0.013682169876814736 
0.013668029150110145 
0.013653915029446316 
0.013639827443067225 
0.013625766319467277 
0.013611731587390397 
0.01359772317582893 
0.013583741014022576 
0.013569785031457235 
0.013555855157864137 
0.01354195132321875 
0.013528073457739606 
0.0135142214918874 
0.013500395356364032 
0.013486594982111359 
0.013472820300310339 
0.013459071242379965 
0.013445347739976377 
0.01343164972499166 
0.013417977129552932 
0.013404329886021403 
0.013390707926991433 
0.013377111185289297 
0.013363539593972504 
0.013349993086328678 
0.013336471595874555 
0.013322975056355114 
0.013309503401742577 
0.013296056566235493 
0.013282634484257719 
0.013269237090457488 
0.013255864319706507 
0.013242516107099108 
0.013229192387951075 
0.013215893097798942 
0.013202618172398917 
0.013189367547726148 
0.013176141159973636 
0.013162938945551423 
0.013149760841085635 
0.013136606783417635 
0.013123476709603123 
0.01311037055691117 
0.01309728826282338 
0.013084229765033123 
0.013071195001444456 
0.013058183910171328 
0.013045196429536925 
0.0130322324980723 
0.01301929205451616 
0.013006375037813456 
0.012993481387114775 
0.012980611041775537 
0.012967763941355005 
0.012954940025615704 
0.012942139234522178 
0.012929361508240507 
0.01291660678713733 
0.012903875011779175 
0.012891166122931307 
0.012878480061557248 
0.01286581676881788 
